2336399597612436075
2336334272007110273
2336338902778718485
2336467732612165464
2336257458949769091
2336963028276644103
2336814794298852994
2336820469577821155
2336947575636931692
2336987518765708416
2337192962068213091
2337149355565265961
2337086038897773181
2337189380651138303
2337248131709958593
2337211007389986151
2336964528811895614
2337061520967536239
2336730088768603661
2336930826976391159
2336931322172798263
2336942221323712737
2337102762504132207
2337266242800166511
2336935276755392322
2337258100296521806
2337262353798958866
2337093918997186569
2336815570539068552
