2337607957737165413
2337351570781213271
2337762507967386915
2337783555126832657
2337777430133448887
2337779318350276006
2337780237557277002
2337780430906154177
2337782054756058734
2337783180322895874
2337783958072697437
2337811287394045438
2337847811787325701
2337711189482511525
2337711951142804668
2337562749581957596
2337655228255954435
2337560535392130582
2337612962019638556
2337802519780324971
2337636405328932834
2337642854775921069
2337386582616399020
2337415921294739940
2337417563826152664
2337695585237656119
2337703111144258601
2337734593531449536
2337739718811039655
2337485632205696971
2337761271890481176
2337864157865669629
2337870857570046537
2337930298784994527
2337932778977583375
2337951406014023409
2337748744056685194
2337841993014379048
2337359407082647144
2337593037306484796
2337435382018538393
2337670173636756762
2337783484713953685
2337800038448959676
2337801725792278383
2337802310451720237
2337842691810772812
2337733957349640551
2337749235568978715
2337939842551644777
2337391630930961843
2337707580242927148
2337707822044575644
2337985949522071218
2337986624771580255
2337987219851007421
2337820709992510215
2337626382854958507
2337627207924899889
2337888042200776375
2337596662777972081
2337629806713235514
2337467305677705600
2337559247816138969
2337657962262357518
2337773782053284016
2337483140786557232
2337834402757603713
2337757886841470327
2337761693885292565
2337761826064708832
2337810396088363454
2337810541018089623
2337810704084261226
2337810870891712418
2337810964374540834
2337558103870145024
2337567165613854784
2337567815504307986
2337568367097235267
2337923038199675572
2337545347844646917
2337564173692874784
2337563670894488505
2337566226618186575
2337631331612522542
2337496646916490071
2337552450134668340
2337622885878579339
2337624252533955267
2337766493235622692
2337768106767541977
2337932706062438393
2337559152498202235
2337546908200105425
2337685879248967741
2337797347601228143
2337798276740033467
2337800065359112858
2337809762371962152
2337810865851343310
2337812593006907953
2337813478894468883
2337818355351464475
2337820138803280528
2337835440689394376
2337837393381411307
2337845758853428246
2337847485958808529
2337848508320348087
2337851168985521129
2337869575135070720
2337873580418434282
2337887799855795863
2337895942551744823
2337904914998485878
2337911107418359727
2337960531578335650
2337995158393244484
2337997677148484925
2338002686833383839
2337843772924530980
2337681818265118706
2337862375712400587
2337292044571364740
2337698352840818663
2337797463430410997
2337553026145251031
2337650332412663308
2337588172636333155
2337594062982863916
2337489104306904668
2337550915697650460
2337300268545072402
2337805513054440614
2337879937690570175
2337895937743817600
2337897419272833838
2337898517685365501
2337918119807042235
2337918332231892991
2337468902300676827
2337567087633702058
2337913277206472330
2337913289537718896
2337991607947554025
2337830464070568965
2337756507124381833
2337743981036970382
2337875833126998954
2337885973158973582
2337500675175791524
2337725111937680070
2337841438870268631
2337550343461607193
2337550547220868766
2337550739370230552
2337550992488066757
2337551248332415952
2337551581829783730
2337551858259696938
2337551975473491429
2337552243741339498
2337552568095242411
2337700956363137056
2337701298123384578
2337701540747087431
2337701774554318491
2337702085478280862
2337702339913052364
2337702503801405738
2337702837005207434
2337703124457571299
2337703321229212374
2337703626901564476
2337703776881630782
2337704037255669717
2337704326864025920
2337704586759657285
2337704873004138036
2337705232179341754
2337705415973550542
2337705785441430500
2337706129030500857
2337706504127122199
2337827974820052482
2337828229959478304
2337828467441079708
2337828694025727432
2337828865178361295
2337829161732650151
2337829300304010980
2337829567757950936
2337829831277731027
2337830220525984516
2337830484003747105
2337830674014019654
2337830984317133798
2337831174562228818
2337831468843112981
2337831834619930002
2337832204599394840
2337832543054476800
2337832822823016413
2337833168366600596
2337833493953766000
2337833820354396234
2337834153994458265
2337834455405522407
2337834624368797752
2337834891680357833
2337835169905268850
2337835304131482894
2337835582154902336
2337835782265369969
2337836044392429210
2337836198952527826
2337836573403208230
2337836967072185115
2337837332832213885
2337837621803205616
2337837844227031243
2337838220078647703
2337838557392831414
2337838785613422842
2337839028186763415
2337839303333022652
2337839650923404306
2337840031137106045
2337840412290442693
2337840737055200323
2337840885852436383
2337841213142218440
2337841375612789136
2337841696636549822
2337841836558459197
2337842119044860301
2337941915596485570
2337942199089248585
2337942360804946574
2337942684085248162
2337942972619733251
2337943118992549069
2337943387016978317
2337943530193726256
2337943827855072639
2337944106382012850
2337944247579157881
2337944541046021195
2337944924514671074
2337945154244873370
2337945431194860750
2337945544617148899
2337945732773827766
2337304588965018725
2337314118314687434
2337316434627416637
2337953802480862661
2337840110703604706
2337840193884935705
2337765861966205626
2337313294551776626
2337331135048933161
2337352588888884369
2337357987385905927
2337360907988053428
2337622701126086510
2337629884886711982
2337646494842217751
2337818205302581963
2337843970224365848
2337875822591080731
2337918409246841102
2337466616731567857
2337796311809882390
2337806174145460226
2337852283848822573
2337350198043650921
2337755773986564149
2337906780018901197
2337907314163681257
2337700339355958495
2337873803731637096
2337873824585857176
2337578426053127100
2337616762671079110
2337711326484445622
2337601260892690737
2337786770722271616
2337916032016093758
2337650812400930119
2337843910422732462
2337845704762775052
2337839272639257882
2337604503821211910
2337600117426925287
2337557787705647868
2337463866726627450
2337465797054499646
2337549461935344332
2337921226201100644
2337925308776243943
2337484234349882135
2337648580821416202
2337648813622056441
2337648896711185755
2337649008917177954
2337649180875255871
2337718601874993689
2337718777297675178
2337743525822041040
2337769037843743412
2337560357947941959
2337284887765410273
2337285499689155420
2337534645113440558
2337592872370774503
2337596885875137222
2337600961857786411
2337958361437592725
2337961335022969663
2337600921188897295
2337602448729295386
2337808123036967127
2337847530846688360
2337851734353233500
2337852954434138479
2337639658899816118
2337657804649950400
2337659038748617814
2337862105582277653
2337863355015183558
2337927539719413665
2337679365075050013
2337679428887121532
2337679481953389959
2337707192436496194
2337710414995718983
2337716122353034760
2337649715894000862
2337488401561089423
2337488449485247394
2337488486101479926
2337488529000901655
2337488574366369464
2337488620839241906
2337488660852925267
2337488699549685064
2337488735771596883
2337488772614385736
2337712980206092614
2337593256576523623
2337896691444056135
2337670803420006241
2337773016114702411
2337775054647054225
2337763303466396623
2337841692197792520
2337604510733904974
2337604893573226248
2337605212516421012
2337605359208062742
2337605852743472827
2337606363215526158
2337649794721774380
2337749783674228662
2337324101043350165
2337325734867370089
2337330568752310357
2337675810034911701
2337783076239101920
2337876325373047611
2337884018951312006
2337884837679334246
2337930277804272615
2337952969383063712
2337790894310629828
2337611225234915727
2337383259394535632
2337574007347242470
2337574050380835552
2337574088825818244
2337505182534727463
2337571931877848995
2337879623083490330
2337285499009265391
2337314571458312804
2337318002600249269
2337339960041722783
2337340166896571124
2337340451463133299
2337625441786716779
2337627214962355687
2337636952693309175
2337739631276965529
2337758770414735818
2337774968010403261
2337784568084399791
2337296977945326001
2337297670584219825
2337298700906631920
2337299424113698868
2337300272487274209
2337301001784298164
2337302626171269568
2337304319638287375
2337304827149095785
2337306710307691453
2337307709592126029
2337309690897531208
2337342509851570175
2337348204131286910
2337791249410727596
2337628070984434453
2337755927236585123
2337918038992382524
2337551775756477823
2337551893951967622
2337555570913924599
2337556348672114360
2337557088538767012
2337594816705909064
2337597603535890712
2337811140124327017
2337812343327400417
2337500906357477823
2337550004124590896
2337603693396332396
2337794467850793323
2337593530882763224
2337941257451220781
2337941578600920083
2337942282799394804
2337548896854553085
2337548846271282424
2337560847500299349
2337760683747005116
2337799121463640759
2337726812704396918
2337691546962861620
2337573156237564247
2337680198029768044
2337880296907001840
2337586736084906296
2337586839155891136
2337589590141009705
2337589689504200858
2337589781434777380
2337589879657056250
2337590004907470484
2337590129855734780
2337590225678801691
2337590306461024077
2337590390212800813
2337590455518358645
2337590518743275266
2337669965789808538
2337670051194281406
2337911355545217671
2337702207925737080
2337750335793933606
2337916190603378724
2337916493197382828
2337916837549729340
2337917228601504956
2337932407645120036
2337932742534989261
2337933121373017100
2337933457319964195
2337944587257903396
2337944924748500248
2337945235714000745
2337945586274037909
2337668641751122715
2337673240786665297
2337674040732774089
2337674531399235580
2337501280363948563
2337514349211852119
2337966229077423809
2337966852736820936
2337967473401570596
2337968424921418911
2337969499711757918
2337968716526144408
2337968944579034441
2337969022920288689
2337969062388594843
2337969121997898416
2337969159679706385
2337969209768014981
2337969265954798500
2337969316395744433
2337750639110807034
2337823471547327429
2337888723047672411
2337616915899185347
2337617005917366142
2337782807987681104
2337789360764004081
2337844506727948538
2337897454789393148
2337845274091554442
2337552528708963755
2337825415747521214
2337923815604036977
2337480173594909713
2337487363454013375
2337820938621600109
2337586104540887516
2337586393914442320
2337753385573151840
2337753940697652610
2337759500054563004
2337759572590959116
2337761839754776024
2337854139575123982
2337919574140064552
2337949210379277512
2337956327198683854
2337956464679509117
2337956500046039535
2337515985828635743
2337544850146303043
2337329078306576410
2337323648375314026
2337795219435491412
2337806938840766043
2337876370795732103
2337839587605847400
2337839616345028944
2337840095619788945
2337877113104112202
2337908323381634261
2337984975838955526
2337985005761124697
2337984986769344389
2337863955194947228
2337289679656996997
2337292052374472827
2337360256765404220
2337383488511913495
2337387555703391416
2337390277529936261
2337567851384137968
2337644803021254309
2337932795359011603
2337933012137608855
2337937192264816241
2337941411424205647
2337943129176256458
2337944974426828297
2337949988465433877
2337954105829134134
2337975151873691440
2337994393553641508
2337327255587760847
2337982660381898566
2337982881589550978
2337982878863278119
2337982891068563414
2337818844808473896
2337748483036774414
2337748518201769255
2337748568248364102
2337748715392775174
2337748675773527846
2337748600208954251
2337750732894927344
2337750769662166568
2337748635407564355
2337750683913977386
2337842721959276655
2337950378980297212
2337813333727948790
2337864801092886883
2337610538617889061
2337625659058466003
2337959839449710148
2337521468211764258
2337799288574112645
2337845793892676977
2337928866873355481
2337930236733081230
2337932882726539931
2337310120478018599
2337895115945045499
2337896794136321713
2337897250593983976
2337567431149523325
2337544928288418539
2337544197621695913
2337570937408735389
2337574048525378641
2337670122187480998
2337702800932513752
2337776189760211685
2337873922420385564
2337858425877612379
2337858546170213733
2337858884097009025
2337556047780426636
2337556241783874765
2337556523137884837
2337556801270470542
2337556945755810001
2337857855493171228
2337537109501856106
2337616863269653509
2337441930316572315
2337442209724322197
2337442509222707142
2337820981504365995
2337821054963317209
2337821209599121093
2337821134294591613
2337541405004946767
2337643458317949821
2337643505780566632
2337643738799454823
2337643777697375000
2337643833112642233
2337643880306845170
2337700208249740032
2337659030980710974
2337830026211640022
2337606316683849444
2337606418454314704
2337606711241890763
2337606852162242867
2337607102285328410
2337607231713098801
2337607534122475415
2337826980787300072
2337860856351022341
2337732189163530562
2337498125559494743
2337303648373107564
2337817264998487101
2337482974742993011
2337483100765069810
2337486851177457062
2337506710989031329
2337506698255082928
2337522559493838935
2337711816548224445
2337711957535365647
2337529225433553486
2337605688895613922
2337745063905836113
2337844304435187514
2337321895602200411
2337322053157174112
2337322203573343964
2337322341666412361
2337322526350147728
2337658740693462583
2337658844796138580
2337950266923602036
2337864306359994873
2337848141118109031
2337583097326766204
2337620529988433175
2337905552230630530
2337813917843369406
2337932295867888442
2337298024937484698
2337921196605177749
2337801702327426794
2337542480013332510
2337774601010208464
2337774655276197371
2337774763623437701
2337774831587852455
2337774890224301072
2337774976358539397
2337775042746022952
2337775105056604166
2337775173884978454
2337775239668531591
2337775312741618369
2337775367670223033
2337775437899861471
2337775688215868540
2337585537708268618
2337953284767544157
2337961046118315035
2337870805969878499
2337304716687723075
2337729492208114102
2337755522738390832
2337807058453568468
2337566698578629657
2337567473948269286
2337568003772800632
2337569960899800729
2337614213725413975
2337636558980642126
2337850398021525195
2337850497695192208
2337850533950748914
2337754134734060695
2337755583715090921
2337950513239433872
2337539615354082810
2338001281465438438
2337539380565940958
2337685141832129052
2337958736634322978
2337529102314840079
2337529288768426717
2337529414262115614
2337744871195905943
2337791767272508508
2337797504971471321
2337797812321533359
2337799570095724624
2337954253108042233
2337551905336531050
2337922241079473858
2337735203317293236
2337893285653603840
2337532779822568049
2337533719707270909
2337535160089962894
2337888678873186932
2337917969417797983
2337692232050829479
2337703985832983684
2337343485463450053
2337830587015811098
2337602207615523936
2337602629604233342
2337602835771052426
2337602958639002451
2337603048682362079
2337603196162485877
2337603587155464252
2337603555060783059
2337603641337703623
2337603741455487581
2337603815611035087
2337657242537779520
2337682757411810502
2337809811705870991
2337543534192460761
2337652916263644547
2337785972873670270
2337987244076696932
2337987405012250254
2337723830753432868
2337920042441734808
2337737306961942082
2337740005820558117
2337946590391886898
2337753451247049676
2337867859931448649
2337547319234670067
2337855148978065327
2337774031650182366
2337359685080131211
2337860661801316457
2337308076486167599
2337665181860973622
2337893991109737858
2337308297105574086
2337993400282680237
2337300755771533417
2337302518704530894
2337482362549894851
2337492174117453851
2337972862251724991
2337988453503299024
2337989273254748765
2337991631477135078
2337998484877538729
2337846306998617296
2337301264249175561
2337626671529755307
2337727962681845221
2337848767428425947
2337849626077775747
2337292721156237536
2337292868871242509
2337296727421180825
2337846537685558287
2337846905257334730
2337341639976380993
2337650557671807290
2337651000808486811
2337642864453996434
2337681412171597043
2337841189621232849
2337939520724750363
2337534917046725828
2337682924732092931
2337539830405516583
2337570013422319340
2337796085409684876
2337900337350638595
2337902617089276449
2337863304732542718
2337863429102019677
2337863548404941511
2337521197837125829
2337521885442994314
2337525578292745365
2337604187787271680
2337491770358619701
2337556371381047157
2337763654723454524
2337836604541825897
2337851352947850182
2337891467237527085
2337613377550902576
2337699881992138728
2337757843364827141
2337760356524830748
2337689040201769194
2337733090946254255
2337921712160847944
2337909564442425667
2337912696429989698
2337579271148922466
2337301976307311468
2337302606250394799
2337302063247455300
2337979749930334226
2337655371180850211
2337301247262384798
2337665602573741382
2337666047681707984
2337666738785569137
2337678062986912430
2337690038882420445
2337346885542842922
2338012159367473127
2337628070357677395
2337780475107955212
2337584244912943225
2337717884347129078
2337718595466051293
2337819629388807128
2337557254465000330
2337667337823970586
2337796756666086394
2337555014555791677
2337673610699161747
2337673808284362536
2337674700068751539
2337674880516214126
2337812576697921243
2337930360052416785
2337850089479806454
2337291987312758871
2337293490408744931
2337363165834380415
2337995372217431049
2337793484789813195
2337297802855871104
2337766442591917586
2337778543846997159
2337929081519602794
2337574596461255034
2337661994960494186
2337683683220547519
2337697989865516753
2337668789405242637
2337488457494230962
2337490895534173081
2337545178719933400
2337589925006189237
2337647869206732716
2337921404533984540
2337937044598569330
2337937123904418350
2337956378729308505
2338000975874661368
2337613036560378872
2337678978612394818
2337679035243844684
2337679075567924032
2337681205964028340
2337681475775004520
2337681784912104619
2337683879706788665
2337684014201532836
2337684304489313150
2337692168020810640
2337692206180462434
2337692254943533121
2337772705368312096
2337773000748142700
2337773852342746433
2337806892813025963
2337808923460368270
2337809344232832102
2337823506786936154
2337823784474815620
2337826917871658195
2337827199275961240
2337827479623291455
2337827754886858459
2337829571012115759
2337869019775213851
2337809771170415715
2337810420348196183
2337813991865181963
2337824223064479208
2337824767392783436
2337535784252813978
2337539871534790004
2337528933073238605
2337658300298940164
2337453731519895278
2337682032360241488
2337711945893053854
2337725851797809062
2337729774855949237
2337781457019477280
2337837010551002923
2337963320103314331
2337971389206049318
2337974512872020726
2337976465228114703
2337667863479149319
2337969202991069916
2337608162000320383
2337615496337574265
2337615737317080242
2337616352344562835
2337616870668278620
2337718268577882494
2337719686840900887
2337937077314579138
2337652373606171976
2337652942572077133
2337653095060073837
2337788739992169634
2337932520296584497
2337802992228908111
2337782137912530913
2337739394768155363
2337302731701908379
2337302780607723056
2337302824144586675
2337977736386415384
2337620530726457972
2337541871831076840
2337542690441672502
2337574963631878606
2337575053784141308
2337576794930338922
2337959137339943661
2337523158573292590
2337537035788793740
2337560769232678501
2337973864530720009
2337488302623795428
2337489366433654930
2338005392258712490
2337704591046971787
2337829647659902647
2337840919659079901
2337842721196573188
2337963854004738492
2337550841029877442
2337466419314113849
2337981058559266974
2337770597840235453
2337627662980620481
2337575189729906040
2337641370511965482
2337674584559290411
2337794403920032338
2337651265822412651
2337651825510324713
2337652425799023959
2337652762819938539
2337653438186631545
2337662027634753894
2337672190684839693
2337907922682790745
2337909118134943984
2337909367343695931
2337909449350945003
2337909478140547128
2337909526391826696
2337910098427881035
2337771914809112139
2337668453601029503
2337646379625430460
2337709265907601411
2337477834096013465
2337746108448833243
2337508513617360154
2337838312319855972
2337715920087490333
2337814206430035275
2337850445401044802
2337850563110048635
2337827281619414609
2337827624470324185
2337904162549049937
2337797500876011117
2337950987203050735
2337968478591410188
2337531348028219138
2337850199990496004
2337612313949237469
2337706292514437040
2337870382755543846
2337870527249321429
2337870628961266326
2337315677723293828
2337300999068128415
2337762999741028981
2337727350848159714
2337504126568324530
2337512855468011171
2337520516758583073
2337520710602517693
2337521440377927178
2337567089228211536
2337981706672665505
2337919843826948688
2337917975648533637
2337918039259318517
2337767916973543869
2337768046418121814
2337874716922121021
2337874769157966725
2337874812099353889
2337874849554271146
2337538653123003809
2337557645283995659
2337864366900542934
2337661699640705406
2337834731810299821
2337836301687934989
2337836687060619745
2337698974261320606
2337760358017907536
2337761959352878431
2337763104691450678
2337763898220129707
2337877981955193139
2337878762884430964
2337879763703872887
2337882622080228633
2337917533453332709
2337496876806680643
2337549286908608215
2337614963359036459
2337615477949856151
2337615934961138962
2337681048670078233
2337758605772055995
2337671134735783299
2337671473392311511
2337882646732285838
2337883266499405449
2337806738656700779
2337884326443909916
2337642242749131721
2337356749034863749
2337543738012086248
2337550915716038658
2337853182175542685
2337641457400565838
2337642257254304767
2337653079128086579
2337666562348516210
2337665974231447610
2337501344376005069
2337646265288288452
2337650662638581193
2337656836427360727
2337659594517891453
2337662241585080647
2337705567747285562
2337790317618932512
2337814086026662298
2337828821833084128
2337831573850054420
2337900737830676191
2337683915357233009
2337743447428988538
2337589148473328930
2337590109044399486
2337527042441339181
2337904319925530061
2337875692744877419
2337725181889515988
2337774542357190926
2337603825055941857
2337512854999382960
2337676051123351865
2337667711521643922
2337710637110993676
2337803806234256959
2337830284774845700
2337936165013084300
2337877889477157115
2337882548484747761
2337906656966678887
2337906813909180553
2337966866999114804
2337299125881724348
2338014437795020443
2337565116648013807
2337836172310820967
2337972309352509719
2337973168295437610
2337973975925637912
2337974593360605719
2337786480712008053
2337546484532575800
2337935961453041098
2337959490055598279
2337506637177545746
2337698700673837313
2337765286592062127
2337532783639224048
2337532931454996595
2337747572520472163
2337578544694868059
2337755213678253644
2337821046316237876
2337824973099308195
2337854557463100007
2337882831660549546
2337698499783299891
2337655752610879697
2337574711032840321
2337586428953553745
2337586733904569863
2337728603334982695
2337737293932957127
2337737623420580162
2337737955232101651
2337744072993635514
2337744402187798721
2337744986814942071
2337745441368402947
2337746283483912181
2337746794979331253
2337747459642428743
2337752200002839506
2337840081039249056
2337843857573682739
2337537569960377883
2337598221752031050
2337610457300264333
2337735800224994411
2337797248330358903
2337823531827311941
2337634256956083160
2337641642202689464
2337901428456159748
2337727735869586200
2337507269761242027
2337507878891560358
2337508186862547835
2337508186619200950
2337524008121009713
2337535378241674698
2337536238409719093
2337536365958504981
2337536508833060799
2337536589934113353
2337536889449382887
2337537121167996719
2337537350109880782
2337575191498051816
2337699527068258049
2337807605063294233
2337866774604841037
2338003355185513479
2337509475748696816
2337584695666852034
2337585810773003890
2337773903740370737
2337786816625006140
2337649397292200493
2337654339776054793
2337639684308876879
2337315555357701496
2337788300881068654
2338014971035111704
2337540548361379047
2337582966213272672
2337692963955967444
2337516742496109465
2337548734256225573
2337548997381653459
2337604715086642032
2337680258670927019
2337777905155129692
2337893937639069004
2337851246621547014
2337851412153994000
2337943618641467669
2337897306707545209
2337882195374556190
2337808706479106750
2337842170432887444
2337323079142581947
2337602462176630534
2337635159116848134
2337676598848729864
2337765166065416295
2337776007275911278
2337778788376395871
2337779405970895303
2337780839953194860
2337780909813429602
2337788581740646601
2337790234262871017
2337792611309295555
2337793596651949918
2337795254416962649
2337801083484430223
2337812886608159719
2337860969882787093
2337897855531734182
2337898094347076219
2337898375474407121
2337929403609972798
2337979842179237517
2337563319764645292
2337833049884919244
2337965000054210256
2337860959965794384
2337658796450620469
2337840014056165632
2337968770531965158
2337611847324401414
2337612119861723754
2337797776307602061
2337689684180078974
2337953359235283387
2337864836267337175
2337888458848392979
2337897973862104055
2337817205657745288
2337567203448509884
2337794974605616836
2337846698133199888
2337901871534731696
2337630977278343939
2337601050581981628
2337804820163266283
2337878584858779744
2337433182676655302
2337433938943057993
2337434624166483649
2337435838744862666
2337557867219260227
2337578303923591973
2337557031934170392
2337690226166868815
2337705121156448624
2337985912149257371
2337745581634852419
2337828827278214222
2337845066583060552
2337851791587143229
2337853795826679791
2337878893979796921
2337944546824699606
2337946466029399040
2337985577043152583
2338006416149038911
2337802686412686838
2337656088591949136
2337793663576574405
2337844757824547601
2337844824866427156
2337856388545857523
2337577894895502467
2337596731825291966
2337799451505526527
2337915313742727652
2337981288801475067
2337982907844799473
2337984540041286946
2337986214458019599
2337591111684212477
2337823580891322675
2337875676311238200
2337297768948894087
2337635367917998318
2337483612317997479
2337573121157409195
2337715992447464945
2337547944200246443
2337551138976605731
2337552305110450836
2337552501378735120
2337552564494586737
2337557156460671035
2337622695077960205
2337700921280047525
2337950527482099236
2337876268882879605
2337474938792775406
2337729511988227748
2337317937612074424
2337364477500245468
2337369851779419537
2337865766663460297
2337624173444536809
2337663261858047410
2337321747652984272
2337788761827814884
2337886486107973671
2337372401690984692
2337929786724608305
2337997314324830817
2337483016838237858
2337505972557664147
2337507503604371137
2337508925037178188
2337747238510146511
2337787756132125001
2337952001127954238
2337782882217482952
2337782927574674384
2337782992804398196
2337783087687906351
2337832490919493307
2337895759738639425
2337904220773945420
2337937681379454879
2337717417494612182
2337501156070609131
2337639286413127957
2337774609449288177
2337775194990813702
2337775801713813878
2337470121708291956
2337690358093275211
2337758171457680535
2337704443499213207
2337707940340692106
2337804068318947800
2337927556916741940
2337766733794523003
2337822526761981098
2337515274106164827
2337608207375274583
2337370027473351366
2337894405405238663
2337894889729981994
2337899415979660913
2337904979857903047
2337906376552949388
2337907425103589548
2337909642279888622
2337910028365584662
2337910487918775255
2337911362674324937
2337913899850748591
2337915877783865366
2337923167274531369
2337925208290016609
2337929718509058248
2337930022201678570
2337931789312247948
2337940255481312240
2337941654323793928
2337943383861804229
2337949925457603347
2337950912746479711
2337951772939619878
2337952930877719927
2337954269842326164
2337954873260044900
2337956491757918824
2337962207302538430
2337735852024642568
2337769577751910466
2337868397676447693
2337499233183460316
2337964341155301842
2337965780086727399
2337968410955471072
2337488318956346464
2337871719681016739
2337722361263879377
2337910710905780294
2337927031553828737
2337927373742025603
2337928028900714826
2337876417763439471
2337601061159732500
2337872899412815171
2337886940692535394
2337887112508122335
2337979973542984253
2337967774896565648
2337871473609290153
2337701435636894461
2337804300539827893
2337913824680490867
2337309985313416317
2338022190514413775
2337502084722898487
2337502932911825095
2337503692600969034
2337504932764522837
2337505610924721497
2337717448543062539
2337717665103466746
2337717791066944637
2337718013406916625
2337718248581553238
2337485191164914631
2337485825880578793
2337487203281557079
2337751881050672401
2337484933280319453
2337552855847848286
2337677739747768451
2337680835966284027
2337766746326485869
2337942731629808922
2337948572609361591
2337954878753850650
2337959082369079820
2337986361660826579
2337653350568165019
2337477034105957751
2337483275171604951
2337489479025377500
2337905814280590767
2337636001257365051
2337845330355090758
2337845741816340966
2337901424204956917
2337902884493948884
2337625398946622674
2337635331963986385
2337491310174457191
2337699859484387111
2337846360332451469
2337590783463767461
2337591014150497964
2337591044122941482
2337591068458316311
2337591102801192361
2337592219945701702
2337592461688812430
2337592732414152614
2337592995917208189
2337447743351792061
2337898086670916988
2337548468614858832
2337548833678884760
2337503183924153856
2337546612762910262
2337767801162777789
2337843177939422637
2337890276315831896
2337923795918279998
2337937571303577643
2337937710050984812
2337937807669412676
2337604563278584636
2337605001113511488
2337902763965274882
2337524083075830941
2337903105400101161
2337789850752104471
2337834782686607545
2337661857680958399
2337784188768857136
2337847714833129284
2338020221632541663
2337746050105182025
2337943965612736995
2337553812494421844
2337724292555633559
2337754429921902163
2337859785696212172
2337773850747698533
2337777633699302970
2337618102289819732
2337882412270389847
2337571706452179119
2337590874824206484
2337591357026576401
2337591403339842795
2337591481312163318
2337591569921062134
2337591808409185182
2337591904643264798
2337702940881794273
2337705356691879425
2337711783791778520
2337724714696721085
2337732810500298302
2337733158115848934
2337740513012423583
2337742345520779704
2337752637285729955
2337799134442197766
2337808063436141039
2337808041491480014
2337808113197155249
2337808078032297816
2337824341169106985
2337825036685282903
2337825823964625731
2337830401871340824
2337845917541286096
2337847289129099655
2337897075769158155
2337906230148136327
2337907806736731315
2337925774430336944
2337929733979063696
2337628112717708857
2338023394321574606
2337558965952736258
2337563756175250083
2337593242014817607
2337594083257970249
2337635939366773225
2337712345240699388
2337713389857375995
2337714191648791835
2337714386155522350
2337618496177226647
2337610623434631398
2337618333228222945
2337618549092133366
2337739089463441791
2337768688515579421
2337524402857925787
2337543177594358289
2337691609004839180
2337620857091806996
2337749405815456367
2337750818264179085
2337757457931225812
2337818805499070939
2337859020972549532
2337899837439093258
2337927829938907766
2337991061680553199
2337624591071819593
2337624716171214649
2337722686287726439
2337308012607528607
2337633263383562698
2337636296142167964
2337686932145665548
2337611713896965861
2337926633741893300
2337994000614919050
2337517834291482846
2337574679283053146
2337663448548064041
2337542743072830669
2337882936980231908
2337995681237860754
2337913944429523577
2337556394582358101
2337660443528936840
2337976423710502533
2337977510136019627
2337977650217296691
2337706859215914070
2337588367519993718
2337967633164256577
2337551698521928020
2337585403680422406
2337585430918103697
2337585436471471960
2337605699221290258
2337609028147991232
2337609060108676415
2337646926436212617
2337671926836723994
2337671938538808465
2337722095041092802
2337722103479975847
2337929236809214128
2337604640043890194
2337548704157890896
2337924879254331192
2337554561488484462
2337554887796934497
2337555316270390932
2337555782333067366
2337558027082529890
2337725169098646069
2337639529655132836
2337647083672291369
2337691956550890223
2337692205516447398
2337692846531837895
2337693106184531210
2337702799162316337
2337726324778637369
2337903595351072065
2337904181312039225
2337636768320838034
2337767184849323150
2337947647035406781
2337948973375149656
2337949553615175618
2337616332916157213
2338003164036308507
2337470258686084057
2337470573804169290
2337765392204104229
2337457900203364546
2337702219879373832
2337313864642720698
2337314695861431673
2337462599678914899
2337470645981169476
2337585814976093916
2337586029422697026
2337586103838004699
2337586254606337278
2337586372810115084
2337587343867049934
2337627662906124236
2337628334171013410
2337990720484597415
2337990850466085336
2337657556405922585
2337663578924135958
2337469690879021369
2337729609968445268
2337914941271892094
2337560856450386661
2337561224794255364
2337597183896119913
2337935952285362689
2337470782564522846
2337466313263470140
2337829502905547386
2337536122210859990
2337537511834120270
2337560691428814826
2337561277003762223
2337561811257566968
2337574473030779611
2337619535366445718
2337621723266354524
2337650170260674327
2337834384000254906
2337501761534467301
2337535359973066106
2337799100736266301
2337924512061638651
2337556998595622033
2337581995808681650
2337582632814267590
2337584391653941550
2337585114038898369
2337586626815159087
2337587224771950101
2337587587151337630
2337587937921194584
2337588277819123551
2337588850735929190
2337589930190196877
2337615061234883652
2337626181469690155
2337771695590655535
2337582220070654315
2337605370188762847
2337839157531355330
2337885695347288338
2337733634167214259
2337564304110026460
2337564966332099801
2337862147483910674
2337603761722567169
2337762368347846899
2337344421412331281
2337345688142496290
2337581860911458439
2337339248284156851
2337721504215441976
2337432642197931646
2337500402085574043
2337893347628590183
2337977607714130547
2337352992197334755
2337464662486919948
2337991101392511536
2337656339721727146
2337315557548088069
2337351600116738131
2337722955403846704
2337562493914991979
2337836769570424088
2337981174640963744
2337526940284939420
2337919663202970550
2337996672075765795
2337639212676045950
2337583301413678651
2337612471489291070
2337613742866952195
2337701970386400394
2337824993877936437
2337995256252882755
2337995403380764291
2337995566220542833
2337803246167132758
2337905500294909069
2337890073403882273
2337667410788603091
2337667423052504062
2337667449720104616
2337667482402006928
2337667519647473092
2337667555374453690
2337667593098094263
2337582434676571386
2337928593622914119
2337932527376792130
2337933022656941633
2337879267534650193
2337879803793214590
2337880319021357014
2337880847654656825
2337458739635744901
2337447013014272906
2337447065350688029
2337447113031662145
2337447156820035776
2337447199685873189
2337853648513625856
2337853695229857522
2337853743976132657
2337853789870120637
2337853832198898099
2337853878143381656
2338026573563100015
2337597165181781978
2337586058984131076
2337587701062479724
2337705865217714477
2337895966510125625
2337773301422061976
2337860066715576307
2337860366641834381
2337738710181727372
2337740874736113794
2337745695677430563
2337750545182117483
2337755743484970680
2337759266901849046
2337761456127210235
2337939146005554391
2337486617989656975
2337487144349631544
2337729788107584122
2337730213544383234
2337753597300767794
2337753942408218328
2337754333879435756
2337872696107333846
2337461358299179393
2337463581321195341
2337825230680392777
2337478006035379081
2337567888871196283
2337916458912613858
2337649091227345944
2337703929126547083
2337747202062883520
2337787062496595871
2337869266483046618
2337611180045305521
2337611453002270782
2337464406164925806
2337464448175225870
2337464484975977183
2337464534846387250
2337625595708708489
2337923947507755003
2337994962829172339
2337497228044559027
2337502101314170607
2337578174311621702
2337580839347303336
2337585535424225087
2337586893816767910
2337589278387704333
2337606016345025666
2337606455815594412
2337667931536439671
2337719141480074913
2337919740142393320
2337668647630657335
2337587329537727705
2337852711112656720
2337648390283498574
2337649185615913119
2337649186437894257
2337649186328831138
2337649187536867383
2337649482899770320
2337649763867787012
2337650124443693893
2337650310737921361
2337650598987245099
2337651059060625967
2337462766822368645
2337987164039549073
2337836912982048858
2337613700234312211
2337642660015989935
2337693195993328836
2337546522644075867
2337577278250545121
2337603765490082974
2337798568755373854
2337931522882295300
2338006823004995854
2338007112386653095
2337821226946301525
2337678876465327674
2337797758576411062
2337642205839195781
2337852045786996380
2337608488863570934
2337622838256896051
2337624412429591557
2337631585461266673
2337633239317103721
2337804660605702790
2337837162845990129
2337981150374915732
2337827258273929866
2337931215372050225
2337932779788898269
2337538935264596131
2337613390451934491
2337860734137229512
2337631332619645768
2337631414115070426
2337631584579822707
2337631701282129589
2337658974500696112
2337684990040259331
2337701879202390101
2337710852152301748
2337725632611241376
2337769145889681016
2337783452769620266
2337829988924670171
2337839404742944540
2337840779728227250
2337911178025359677
2337988395732434661
2337660615654629113
2337782196951261725
2338020001842101248
2337654739401393205
2337874493089202076
2337456108781732304
2337869994146084627
2337537288421299040
2337446104645472013
2337667129962324104
2337915332464973589
2337921456979144853
2337799843430537566
2337800095986499378
2337812285170851672
2337812471699796242
2337979280612840359
2337341367692651944
2337341904622312939
2337342113624604086
2337341593530817708
2337342377706186265
2337342702915774984
2337343131531718275
2337342960420809128
2337341100591002647
2337349123120155799
2337349371934651058
2337348650480875538
2337365049915965447
2337368638855923783
2337370410295086430
2337382210055071327
2337386804529124097
2337397341090569165
2337413046905273729
2337422182577505699
2337427158506759926
2337442910416703159
2337443405269300452
2337460714373366108
2337524911434037236
2337575123502428725
2337575181341861824
2337575277248783958
2337674829733797655
2338000758376836496
2337556092475632532
2337556237229272298
2337556373040973058
2337661858083621764
2337435363303692371
2337338226803372936
2337861697660682180
2337925292571352929
2337927928850882952
2337776862845124164
2337522504069715827
2337811456240421299
2337617379546370243
2337909285119714940
2337909697151402825
2337910001985036658
2337915416613450420
2337565509736000420
2337575669883984856
2337576948903238525
2337580936688160663
2337517433977589603
2337583824676077867
2337583825691255995
2337583825808542108
2337583836806203625
2337583825917696241
2337583926656394670
2337583996894431625
2337584078582452967
2337584207993539719
2337618694626435070
2337618782899926202
2337618860368610280
2337618954765562789
2337619026655863747
2337619127939997544
2337619200912609119
2337619283884295957
2337619360136814170
2337619466957231057
2337619579389754356
2337619645659769610
2337619700588405891
2337619788769279775
2337619858369678931
2337619925822435730
2337620011738601582
2337620119481944922
2337620183134625091
2337620266651721313
2337620349631748227
2337620488387705335
2337620629643454305
2337620731254610349
2337620871235482636
2337620992182321275
2337602019004612401
2337894691380496202
2337579211621168699
2337579368303784065
2337579539062196170
2337579652744599522
2337594423699050446
2337928897173511846
2337779812592456661
2337579292797740997
2337780651635769119
2337782165133412303
2337887258797346394
2337703237066773171
2337859696316611849
2337964498593599185
2337933692655500968
2337934649619408199
2337551772366770525
2337641786721054036
2337835681384455904
2337920042116882856
2337592606812131261
2337592655407466401
2337592690924613143
2337601737468007938
2337601775208307515
2337601836428416710
2337616810924070565
2337616846626155974
2337616892016812056
2337735771309320237
2337735824409179356
2337735860178307860
2337816974141968911
2337817203595766459
2337820627028547575
2337820672545220514
2337820717071800537
2337878310385610305
2337878359156822518
2337878404572888936
2337912174449506797
2337912205982095358
2337912241214257541
2338015270634706536
2338015310488827346
2338015342365551117
2338015382295538308
2338015420321059205
2338015457121694856
2337881513500351456
2337686582162891466
2337686960875178428
2337687134896788329
2337687465886147878
2337687687085232618
2337762843761738751
2337763700842662404
2337764295166926366
2337909252210057383
2337542943929025351
2337505329417780256
2337681881254231084
2337980960857293133
2337719635049654492
2337721167203662408
2337917083169320457
2337551833562048550
2337735052085021110
2337856039023978229
2337705861979166777
2337664645677398908
2337724238204695698
2337758155510933076
2337879927574763793
2337934569474317507
2337566679470314021
2337928945816899233
2337930028559859611
2337930378566079087
2337933354047238963
2337697530338108556
2337882135137734148
2337895356037019909
2337725813376710811
2337639127482541406
2337838983006351935
2337840279742322846
2337400647979423926
2337414172395295657
2337730722826408295
2337747210895439712
2337805567606117172
2337365950162806346
2337751580948682282
2337792221288198376
2337887124647182190
2337908866778298209
2337604211368065169
2337607731848690509
2337818002634649295
2337819104662827793
2337994612067919373
2337418242068604368
2337622279229715291
2337372504921138013
2337428699845459359
2337408570397817276
2337776153179588164
2337605216783963667
2337712945871463766
2337990769169736336
2337991300747591960
2337409433157565357
2337489673708090699
2337964908057857596
2337570989627579398
2337672874011236705
2337967714792069695
2337694755018191034
2337628815097671836
2337628886174480585
2337605676043464464
2337634263286970493
2337663965670220321
2337664184302696076
2337693752199719923
2337587373092387323
2337589415659807846
2337590036223855124
2337594405950477802
2337596303629846433
2337596551857039704
2337611233229636494
2337611559588588735
2337611765881134101
2337780536334688052
2337918062597382100
2337536454877945741
2337803979213586787
2337725690985888218
2337726502449565843
2337851875615115928
2337533316667090428
2337576631982687986
2337587511495618596
2337650859813728837
2337696260797265381
2337922608325293689
2337961913777210839
2337512479808901039
2337522804960551379
2337522880332289813
2337523005171436183
2337539980744540977
2337541685871662683
2337574900430801321
2337578151234657582
2337648073260307252
2337656453228125795
2337769367163310873
2337769420598787091
2337852870831702548
2337853069348118021
2337961729705457181
2337940999189623256
2337804966310989916
2337809624672983724
2337564558945808851
2337925640093114565
2337688871088672655
2337688900574389320
2337688932157582444
2337853755151968317
2337948785889856589
2337770151439421086
2337939978800003117
2337493721421733590
2337778343436257933
2337778521769623423
2337778689265022571
2337778911168742354
2337393448875019092
2337394155472798490
2337394941602564582
2337403305564996402
2337926007908316100
2337873977055326232
2337315707560544046
2337721706482092157
2337366259544725480
2337567538573427805
2337568327580721268
2337572134893091385
2337510413461023256
2337701095362365480
2337818601808843961
2337700659186611591
2337436434334884235
2337436854864114926
2337438048806333714
2337438567541034425
2337438648113747159
2337439899324804500
2337440677418607774
2337428869622453738
2337771678191796079
2337779037089744511
2337321999419105192
2337345989638613974
2337595741709395005
2337657305025031191
2337604509751909182
2337901171052064962
2337708751578441540
2337711121846586446
2337716167166656133
2337963522847644204
2337489231278251341
2337541806400376572
2337663155181670417
2337704690610611560
2337707447476302707
2337709139207065103
2337865651825145118
2337981209077306541
2337919394508032612
2337807818220163530
2337859173806315029
2337581901883086023
2337653383082980622
2337673976670857257
2337674428523468617
2337678570423670749
2337912736243381915
2337880298240598844
2337883229773713576
2337897966175768423
2337989182397595609
2337998548261538447
2337878695312617655
2337879791787565914
2337643448931695640
2337783066884692947
2337785426096756690
2337923704523393289
2337924759516835704
2337547309973094948
2337812248939783771
2337534642621921201
2337986214451705582
2337804490350470163
2337901444631882667
2337454676739631993
2337755073846992698
2337755251459207329
2338033523583401591
2338033732031940426
2337376364294181176
2337378216129613471
2337386309517410215
2337387334630419717
2337390792775320357
2337392654618538683
2337354524836138687
2337330507505004875
2337330635867516913
2337330745665970637
2337361259244349361
2337362591640467463
2337362809115204829
2337363757170629390
2337363918710086350
2337364042114884084
2337365267547881683
2337365466978673014
2337365618300767240
2337365757039810290
2337365889160519866
2337366172871551941
2337366350819115712
2337369093558396991
2337369166715309082
2337369388585778238
2337369607679272961
2337369829147111480
2337370919674458489
2337371078185521840
2337371242484899857
2337371372474741455
2337372189734889461
2337372607839828955
2337372829139766108
2337373654452910495
2337374363349049217
2337375445278137383
2337375863592759612
2337375994304013147
2337376158292971903
2337376245954063811
2337651155337036798
2337615153008577467
2337521125770377241
2337805449988094932
2337728347122704644
2337755300039110974
2337755724359981501
2337756212258318643
2337756572641361502
2337674965627090489
2337880259468603779
2337861449945118622
2337865413570595647
2337893770496115228
2337918153528925752
2337855412279654206
2337859373304689154
2337862023198932870
2337567471716139140
2337717545245901920
2337777614508638547
2337979931879265806
2337981287092369718
2337988886885923081
2337990043859607834
2337991176581618977
2337848898725773595
2337537252343118448
2337679903029648618
2337890492372791336
2337797070053938306
2337797506521613313
2337799309359310387
2337800389946103323
2337797987652466249
2337835207084100372
2337976387348451253
2337535711556631121
2337536170547547692
2337536735075639056
2337582579421376957
2337652739020905746
2337675787971178426
2337698522340379805
2337713177339245841
2337713753292578763
2337560874158831919
2337729259676947654
2338000421321486425
2338000749987160199
2338022488787959107
2337430665422874288
2337439066857040796
2338023435324445240
2337745582405984196
2337930462109841694
2337975617827222569
2337975748555212779
2337975863546362072
2337975984266839100
2338021911995147819
2337666502983324658
2337708170080118173
2337708679553638137
2337708946932175472
2337838999833770503
2337599701393027499
2337600430774129978
2337600587238444904
2337982071518425094
2337982261193317729
2337726650653285050
2337339859421085120
2337560977102471919
2337849895928693927
2337457337663987618
2337588004753562292
2337516681897533463
2337523755775826618
2337574229694125518
2337646891640322634
2337955119666353570
2337732350459044779
2337327540136600026
2337645873423942973
2338008943476255708
2337657132327147083
2337823738437181161
2337338755915289126
2337712521157560562
2337875622784429661
2337787224227933609
2338001681239608162
2338035103181854892
2337600948527273626
2337720192018297769
2337723186122248567
2337723887334397182
2337724523920652904
2337816804941915239
2337834142307345501
2337853633456065589
2337856906321897850
2337875871043602641
2337569300774471007
2337569445536630003
2337569505808844371
2337569550704752031
2337686764380483265
2337713034069437617
2337817244656332983
2337595503119819450
2337869916708904230
2337583228111794658
2337895208462711622
2337557020717567101
2337972460857999856
2337758891294565408
2337728018758119721
2337728389467348661
2337729028805262281
2337730642756552039
2337809763108928560
2337811763582234252
2337812551524196497
2337928081404930222
2337928136023164958
2337928205002828022
2337928260342453853
2337824717966243694
2337574726318614541
2337767662205351142
2337872514847862717
2337872641247227008
2337604174106583480
2337658487784611731
2337630390259795494
2337866814477093031
2337460452998744789
2337678756027842043
2337679054410723704
2337997390283151047
2337998660134385081
2337900806550744381
2337680239116992208
2337680344150886111
2337680392905509429
2337680446416348945
2337680492889290859
2337680538414263996
2337725278318349820
2337726803593815767
2337728289996354895
2337363035140055376
2337819557674437087
2337870981896148752
2337522196536506776
2337678223303047388
2337957558387966951
2337951273573300378
2337795756147470572
2337795807519259890
2337798035147709059
2337798081268211491
2337798877775116996
2337799150908068719
2337800111302937384
2337800193754690412
2337867469795857136
2337868035213114298
2337868937625952633
2337868985080337119
2337869048556973053
2337869109256847291
2337869152223242458
2337869194132942678
2337869243508250090
2337869301867861441
2337869340992323313
2337869393664181752
2337869434726516297
2337869479672664995
2337869523075244886
2337869565815374301
2337869616130101076
2337618097903798271
2337620076684303329
2337621029378491282
2337669804553771481
2337670541694219042
2337671011397536698
2337923994467295142
2337924776906379579
2337925451115618181
2337926032856988410
2337890923721808733
2337846460131280144
2337847804455852422
2337869451913154653
2337585237193599273
2337696312152848866
2337768383096671255
2337804505667384685
2337837411903343579
2337838036821053810
2337843164601096052
2337943614734085093
2337591177434673071
2337613467761420640
2338009103581299924
2337594394934296045
2337731913738976415
2337731840716180042
2337878724713794297
2337699906921634949
2337700981527357025
2337896404980463114
2337897176791173192
2337897609307747440
2337915454930532514
2337915465089110527
2337588775826491660
2337411388443281003
2337411931941313010
2337810866337987808
2337811616438721334
2337944165579270477
2337583850924595941
2337532915071512626
2337716010751954699
2337956928419212117
2337856318541359803
2337719572612031720
2337894200252994959
2337924755555959568
2337662307024297844
2337891499951360692
2337891699013059076
2337939923384128282
2337942418516775908
2337947297381499250
2337869223558499772
2337612759518615139
2337909014702560127
2337934627337236927
2337536690087708638
2337788283089332321
2337790215531094583
2337538761032083229
2337820230363255055
2338013060294057242
2337844737891324559
2337844579818366563
2337620583673534675
2337684620461608234
2337322105677756459
2337322903811849324
2337640281644857323
2337699579414665187
2337700525104256329
2337702237839949158
2337759166129769966
2337775768720120853
2337784730035173893
2337785057501312039
2337787583999113654
2337828562315627657
2337853270113338792
2337853292485554747
2337853302988328048
2337853313532574356
2337656135726725509
2337620957469889936
2337833790203845317
2337833851021273537
2337836969117278853
2337839482780350684
2337854281023001060
2337854477551354821
2337854977730513365
2337855140494657607
2337873252388544595
2337876024085273231
2337876192209883843
2337879615642672215
2337998327045503082
2338030846491029119
2338035247272348690
2338039973254706578
2337357452217215038
2337353410093079858
2338018352886690746
2337861423564042779
2337863592900016860
2337536880256776740
2337542021668381283
2337564734780777943
2337502700194713736
2337511564428395132
2337511808645754380
2337512226012551381
2337512479155587361
2337732357630895544
2337784713559122224
2337800345033828163
2337977221056360950
2337709375260873686
2337853590892683812
2337857190242940546
2337857694960393246
2337951355806961554
2337345695534858315
2337659933117134861
2338038177465813885
2338028553266103924
2338030087760652461
2337779747074965079
2337780749194985884
2337632949885043063
2337794903991883390
2337514730741864643
2337791730696354617
2337322095235017429
2337978233922737468
2338016988175803931
2337586382708905905
2337590100699282840
2337743823727706227
2337596622867197523
2337609543697332622
2337804429447541548
2337551258172764577
2337562523737651904
2337579707163687262
2337581891825663910
2337602339997149103
2337529749620005233
2337582679397313356
2337722518255991328
2337771185226739421
2337960321662411070
2337599873518395694
2337826179641230206
2337833180857203368
2337861627112578320
2337790014664066290
2337808832912225174
2337719176546092172
2337938466610860561
2337887665871829826
2337809700648996737
2337475782450127928
2337505863461566787
2337589841975632370
2337859326225732380
2337715069474171825
2337721247314405209
2337743823391999712
2337803035806766943
2337758786771833394
2337789737354662427
2337892621752345198
2337747426483228853
2337697237030524305
2337697297277579197
2337973422804840509
2337639256809068838
2337622230032564561
2337881928526261041
2337851836592941493
2337851422992585537
2338000612556569275
2337672945617216218
2337673324916606412
2337697071388015732
2337867187467597750
2337867267906155875
2337867653824046007
2337868234416346961
2337947920060357432
2337977952048684100
2338001233925457906
2337944907861236788
2337680409986141569
2337858209970568035
2337859240670448908
2337859502805894143
2337860405504009043
2337860441843471930
2337860481991569404
2337860522852427110
2337860557354667738
2337860588753320019
2337860634546665779
2337860705321451571
2337860749646831676
2337860786732692455
2337862963450825706
2337862997005063643
2337863037278804329
2337863077661693975
2337863116257559881
2337863154903993331
2337863201225934136
2337863248730510930
2337863288718965086
2337863322130759285
2337864173943537261
2337864206566932451
2337864247914442790
2337864287760215507
2337866646678834727
2337866680342259903
2337866722260173983
2337866765780308262
2337866813452706778
2337953700171268540
2337953750310057621
2337953794165831696
2337953833424371937
2337953864579655431
2337953908712142495
2337953951334766866
2337953995098157851
2337954035405355407
2337954070427857139
2337954960853300059
2337955001454141660
2337955042147293307
2337955078058977279
2337955119255341504
2337955159008877252
2337955197269572132
2337962224683197234
2337962266399655902
2337962303133327303
2337962339087117169
2337976464949045694
2337979205725410418
2337710210842872337
2337751880061922277
2337768516340762229
2337935408661768725
2337602670741453661
2337698830227536049
2337810933839447818
2337671512332778771
2337672681604062984
2337673850623748407
2337675214854570904
2337675699238156943
2337676478405670797
2337677219354431573
2337677276371832682
2337678163861392840
2337678842659162598
2337679369195456127
2337679754047946389
2337680256936595980
2337742694067293589
2337999249366912898
2337755017293253036
2337755489236354437
2337913071165874855
2337914591617800382
2338009918611027329
2337575983115660946
2337914100270946353
2337897444615268232
2337897479671322357
2337969486005805901
2337976954719184806
2337898933485251793
2337777301378101811
2337898136860605893
2337905534747036360
2338041676645778240
2337551948965509073
2337552197217961351
2337608472471692846
2337692882579591992
2337692922928904054
2337692974116014237
2337693043162843761
2337693139472357893
2337693268027679920
2337693843771387741
2337693877837578903
2337693958393526726
2337694030032090723
2337735836604817740
2337736662354162356
2337605282551316026
2337652358496836543
2337890984069591436
2337760025753058327
2337853379039816247
2337779184419305344
2337908710717674500
2337511116753569430
2337597881686823536
2337595940997074930
2337610129849232443
2337918092719879718
2337787282981248452
2337843009066697413
2337856928619571797
2337742132726830048
2337742172195129408
2337742213869851679
2337742253690684691
2337742294417314253
2337742326671591349
2337742367238818249
2337742409399973427
2337742445278059826
2337742487179035403
2337538143580605653
2337744551236447200
2337745378705439928
2337745993238178436
2337746208951283705
2337807058705681863
2337835412200829024
2337931666503051636
2337931732940919150
2337931772417755625
2337935379913339692
2338027934771635756
2338028248572819648
2338028559806845659
2338029063953719552
2337812023394236985
2337818421125651088
2337663097726119455
2337886546511957775
2337921821061629123
2337974683451834307
2337570156882701454
2337689869868740339
2337670254250404175
2337717645649254509
2337718619239575843
2337718642350217772
2337718664252751675
2337718686860007742
2337718715465145749
2337718737921449535
2337718757458569780
2337718782037324875
2337719906958026097
2337736604230372750
2337737152098921701
2337572705634995121
2337699386106375812
2337691269710747011
2337432786170081807
2337319247210130936
2337963291867191212
2337806510125431757
2337909379841546442
2337615025575749558
2337567044263854519
2337711849077851769
2337528924720183863
2337827529804870490
2337893404721447391
2337603032149473589
2337952797601184494
2337641205749330822
2337894184456918129
2337894537919383559
2337776466653598749
2337574026539219552
2337564950208507624
2337564987428808530
2337565022677730054
2337565066281741428
2337649115519726127
2337572903832778591
2337573170548406879
2337704504046312253
2337764363340942109
2337509031159827104
2337592003175652351
2337777109152664934
2337451601106422082
2337905973061921725
2337557895591026327
2337610292078635041
2337801655378292577
2337972706274651926
2337976410180541417
2337559068962773786
2337948805957562407
2337948966146386260
2337741178228562372
2337846825263756083
2337848941910760205
2337822375860401161
2337923782806471600
2337496887703029316
2337717990841092841
2337724604738338595
2337793393219690135
2337746095143423307
2337418548161797396
2337634154136981033
2337775237856611651
2337763911372111556
2337533673041519764
2337589164412081711
2337589604780388515
2337788324250554443
2337736721963418172
2337991042823203557
2337924551796924193
2337912650192415164
2337675903416865491
2337848858713202119
2337849593026799073
2337858526005149721
2337602173641679920
2337605698098410822
2337745265820553916
2337929095697160198
2338018820651583715
2337569144320702947
2337690909235652147
2337691602629511925
2337811267305367522
2337788283347874170
2337795239693478686
2337520971572586239
2337582695108284394
2337649172846764237
2337650952917982067
2337370520829763465
2337598322925488569
2337895561614945872
2338041086179880581
2337572012620213369
2337601775391273893
2337880197082417202
2337761918883939565
2337762171154573710
2337762214515307650
2337534310715758256
2337646577933129847
2337859433416942519
2337637265059420301
2337942625833188223
2337668428923882494
2337815452516322134
2337854837013937338
2337948344189934528
2337814349565368579
2337816010140450442
2337476487422072837
2337655965497637999
2337907556822245663
2337703668903870993
2337736147396326273
2337837649779630873
2337907578499465121
2337944778142205687
2337692216523493126
2337692395830057692
2337764440676820548
2337812839581264424
2337991918947881302
2337613367013564957
2337544707237802004
2337544838267975986
2337544891200039726
2337545127305800152
2337721221227320264
2337722857651787313
2337879605133978854
2337453070570965964
2337651633167448478
2337639338748978112
2337639609952786931
2337832995150193237
2337530995791031353
2337730792721395596
2337362629986471236
2337748096422540651
2337929509315342738
2337929904938971794
2337957568596732117
2337957695776553285
2337543154212830163
2337588168481712693
2337770107708837552
2337654578994386973
2338017036821402299
2337964446380879777
2337892538043377222
2337833419328508497
2337879774088553039
2337833026414148059
2337975441330514152
2337865472525739020
2337952434154783459
2337884112189963761
2337886313226609479
2337749970504164652
2337977629063655845
2337988032187337704
2337703012912554102
2337704628214417242
2337536758931922084
2337606338635166641
2337607803177263932
2337609244910289036
2337612661909321939
2337613045880938594
2337614080078891633
2337839454629133710
2337840261210363165
2337687297058554268
2337889262273502984
2337506663810907241
2337581618925690995
2337662997660358316
2337823155959387997
2337845812926894552
2337908464025873687
2337586206237137497
2337679944133124419
2337826386613639971
2337668802057539096
2337684456967674795
2337939053116930309
2337939519532074590
2337939820490234803
2337767371716287195
2337550991756668220
2337610376081200818
2337879478372852048
2337940165950207923
2337960634320443760
2337960811915849583
2337751698650409090
2337648050283310355
2337696225589228851
2337497008885293787
2337751995305551272
2338023637759901220
2338037758136001903
2337518404707371093
2337538696800397956
2337574358509639771
2337584777806528786
2337584886858505150
2337755434934609923
2337784236314405176
2337819317313615574
2337819554979581286
2337836948011854818
2337860276957051516
2337869221243182625
2337786807331368086
2337814378906299365
2337826623832838097
2338017651235820012
2337453349030711000
2337784342674030094
2337500279761962837
2337739823317391990
2337851802878708566
2337446939202726424
2337605009501541045
2337551349137759824
2337553089371299729
2337818509709916368
2338017492785369106
2337811961738087253
2337837268910096988
2337926817317283356
2337554370487155747
2337620573112546242
2337921238439050164
2337651424861487340
2337784875627319041
2337935241249697454
2337525539564523956
2337535544722365771
2337535560987713697
2337535864848349173
2337535882917359891
2337874724639995012
2337514901987061587
2337628986391969501
2337637050134457906
2338010196851259770
2337879231412778500
2337561557007318670
2337562507176379500
2337559809293134335
2337562133346646725
2337356950385243356
2337770672975158507
2337539232673697892
2337694307476041913
2337796529937275765
2337736705942826291
2337736755058172790
2337736788478459947
2337736827560925837
2337736863690585067
2337736901422720278
2337736935975266199
2337736973749205225
2337737006590647392
2337737041738812660
2337357563039199675
2337739002616940125
2337601644983713054
2337890815887297328
2337661354717365839
2337661494890865572
2337661559802006513
2337661620577550513
2337661676781060278
2337661737028220006
2337661804455669636
2337661843328499462
2337661900396358785
2337661965735179432
2337662017224473984
2337663699878505479
2337718623366773521
2337779125036927270
2337925442215868749
2337932046649099282
2338024113433945433
2337638699226254214
2337773148590027790
2337721059761360085
2337722353360143221
2337992750316404894
2337499814059545210
2337884352179669240
2337884873397535699
2337886642403868915
2337888453034732228
2337917423075633052
2337917530248451182
2337917666940732116
2337813106809120376
2337611738601453952
2337733679777831346
2337757402014491253
2337757431181815193
2337757454862760597
2337690712235293145
2337691562236117031
2337777125802833453
2337777302315752691
2337777779526868152
2338042282145231791
2337763609683653547
2337621039378207897
2337574343781337558
2337610173321192325
2337611645169613358
2337616773847111282
2337631837522124977
2337638220606981714
2337641563299380161
2337652171507815649
2337661669115159383
2337936904124987180
2337496005202826700
2337580995628057571
2337611166993198957
2337636545912980574
2337724061131287792
2337688646542936802
2337371310056569593
2337634449070933670
2337634624912774207
2337847199478990685
2337880185582712741
2337901978531972440
2337550264449698293
2337949894570166900
2337534763725793504
2337738229186513762
2337873224756468455
2338025888697878953
2338028180726444882
2337722084791150435
2337765677182288280
2337765791728672192
2337948238726797570
2337352381021331586
2337363380994646132
2337364212976816344
2337364383919926927
2337364659720499306
2337366252574647757
2337366250712342178
2337366250771040374
2337366254109646616
2337372107512637352
2337938175276625197
2337938249247471344
2337938324208161304
2337938517414598713
2337942799035556862
2337965449786973310
2337975700900815709
2337986084051417395
2338018058128495407
2337711643516215649
2337665017593318064
2337665058756113912
2337804859096418346
2337932503385326469
2337796283857956943
2337649776711406325
2337715582430194613
2337628335016073891
2337646288348517911
2337634982553796754
2337705233790275277
2337561750776602122
2337549205059806332
2337670987599291193
2337675867596379326
2337677008505864653
2337680344638474527
2337683033447309951
2337686935945266311
2337698404489408935
2337550703751781647
2337550929086539705
2337558861404608975
2337563433388955908
2337802097406587777
2337831221655298599
2337954723020420559
2337590517353098105
2337614085054929609
2337677649253806545
2337931296390784904
2337973232334077773
2337775814420285402
2337775796317839746
2337775835316342304
2337775843604314871
2337798503516110340
2337830932599564938
2337846236021015708
2337727570143625855
2337655558265814473
2337799589524288056
2337841586091953976
2337657091970278428
2337882237996914530
2337899475009390276
2338010296617296433
2337980282798127573
2337947018713276301
2337889377795297636
2337720950795399511
2337960024403665224
2337964552825988708
2337760464183084744
2337546187776972118
2337556058081424486
2337644569717645296
2337542923042147438
2337639606755659654
2337724193074601121
2337677550234203171
2337347655817255119
2337354859811292799
2337876647384380652
2337892104302190900
2337774171966573045
2337774137657174318
2337690934659151636
2337639227063218032
2337516057073026113
2337810989222583847
2337348354538619619
2337356082610844072
2337676408418828728
2337729692940825982
2337775997377050615
2337888915866618726
2337890768700419473
2337905983076776549
2337909174489105529
2337998772238088364
2337549722619124261
2337720051014412833
2337721055566983991
2337770885467143891
2337775947555988550
2337804345493801021
2337878534535805226
2337931044998956602
2337510382261794621
2337510416890173146
2337510455746077233
2337663125165425387
2337663189497468874
2337877679157768521
2337697111442772173
2337776611933406764
2337800542627388277
2337801210276716916
2337810903640487457
2337940378004979329
2337647793568835654
2337651490705183832
2337922213121741608
2337922677473198454
2337914803917794112
2337915371960797472
2337994671969828275
2338038887576188883
2337929731143235883
2337360582981476931
2337380731285648416
2337382262231606134
2337384187224275849
2337390628819601783
2337386983122271682
2337818942763785129
2337389658576267832
2337827379446885043
2337741220993181636
2337741294779421763
2337741474849119311
2337536116390663373
2337646679242379890
2337598741485555915
2337626967733886642
2337636716428858735
2337927383885312884
2337932069946302622
2337613647670653283
2337944491067417144
2337556960404493284
2337858084042751902
2337859767108031574
2337559206529757266
2337566800107514985
2337730160941629124
2337733717183096849
2337572101857557783
2337619557865688498
2337597123522121123
2337552380676908781
2337549515840525023
2337600810181876599
2337948131545990595
2337870359636206173
2337947704254397162
2337591666189018467
2337627299846726741
2337846546837507329
2337846834768000235
2337933102808321531
2337935197628515834
2337724976210954670
2337497998991685303
2337958565472696039
2337843298154878305
2337472491104834967
2337475453617284361
2337475806584650069
2337476054585689504
2337506840005095010
2337689202303189076
2337708525394684273
2338025270131083794
2337682997509360976
2337935651862915217
2337586761804586248
2337831328785234508
2337623055495093273
2337627804244224892
2337832878698589731
2337480373579463473
2337560089229408480
2337908282303657191
2337567689659588680
2337617525985449864
2337790856663573467
2337815548556326299
2337815559495084992
2337833177266431437
2337876104793375290
2337877008582156550
2337877458261748526
2337877807261536129
2337933841040644068
2337735336811093835
2337826584341024043
2337834326756884711
2337768498748620146
2337822558832729888
2337854592821195722
2337886348072403619
2337656878362201222
2337509405494344120
2337671200133390142
2337682682367705387
2337725602596834113
2337747927316709225
2337751881924542109
2337751938161924138
2337753723366704620
2337769944929588347
2337815505221272898
2337546613567777199
2337913796234251581
2337701518171813128
2337705663746305304
2337663313993684884
2337559057229302921
2337370708483445095
2337402940577057785
2337937830745456384
2337952424490628959
2337838691576011304
2337517872678912135
2337465808613102594
2337585975741494892
2337632741383876882
2337606714579052950
2337773003559260929
2337773196723788121
2337790022987876075
2337541360999333465
2337830630854029197
2337788959067553844
2337909859326636358
2337910071071969785
2337912477822262431
2337912643581205598
2337922229411383203
2337472811583380081
2337545296044051655
2337822278392572549
2337559140468866317
2337930551463627162
2337519034190249308
2337645919855397015
2337560754881561485
2337578201716543467
2337826790329970679
2337827156283096987
2337839905239008328
2337847917669182594
2337837919431496266
2337942344732875518
2337695799884830227
2337742707454106398
2337785655767891952
2337795406006392112
2337854081634561880
2337752915047170803
2337834545816408702
2337869109062370762
2337640598190159628
2337640687193285027
2337640731501781745
2337640801118861206
2337640846014633921
2337640907637446710
2337640962859628249
2337641091356208857
2337641136738714432
2337641184469892815
2337641226647680826
2337641615526917481
2337641668266098558
2337641727464315316
2337641773710879455
2337641862789510441
2337641969148751191
2337642079550977602
2337642162682121347
2337642262867353607
2337642357096573233
2337642433533444257
2337646071840762311
2337897365526214521
2337586093594338672
2337586207889041359
2337806912065625697
2337567858934229160
2337950028530063362
2337950197635952013
2337950425982301679
2337960259150549487
2337961536198791780
2337960322962562052
2337960430152255219
2337961617366831812
2337960607646893344
2337960376331074278
2337960495180743024
2337960666895550587
2337960728031722678
2337960795794948145
2337960855999953415
2337960916674798466
2337960991341786674
2337961132295606976
2337961279792500194
2337648470904591119
2337771032812936535
2337771083261913822
2337771131714410272
2337771194528405178
2337771244557997848
2337771311977264757
2337771359582648525
2337771419225736743
2337771468542275416
2337774209310272255
2337777779602607846
2337930203017434396
2337988003346995319
2337988044107223343
2337988081964881209
2337988113749346363
2337375504166592650
2337376368705127128
2337376871828481137
2337377534511714757
2337377927383792104
2337378915872352683
2337379731991514736
2337380318539913220
2337380553613854373
2337382873919508615
2337384249416260553
2337388671085086707
2337389244698125654
2337389739508679743
2337393029168384219
2337403133070626636
2337403451158279398
2337404838457889230
2337406319718110023
2337413087269744551
2337816807284253448
2338038404846832537
2338039882768680890
2337723255297086715
2337788041548447287
2337595469591924231
2337508687999778891
2337546481136241748
2337573004178183356
2337385243610138582
2337889976800128100
2337514310480435361
2337519029584361000
2337872588909749734
2337941940333810565
2337570148226712924
2337915895635866736
2337916356254484035
2337862753877942748
2337558542041827685
2337927809841697062
2337928519299876713
2338012427659896019
2337810835216726793
2337811014464407733
2337811145142134928
2337661121219095405
2337793802363776092
2337794899090578876
2337725847175086794
2337805759143714625
2337861573198741878
2337488575028090139
2337853663856510071
2337581218915127681
2337582977561454357
2337798414605807974
2337799294143072528
2337331219129658603
2337357335038954953
2337358433619291490
2337577380851549566
2337578647825095668
2337651988753591679
2337652820542780823
2337659660328756083
2337659791702525977
2337709039685141721
2337810562813413383
2337818527184399377
2337880092319243778
2337881575710340352
2337932554430509779
2337939736117066096
2337990585962983848
2337994678236092353
2338001574317993899
2338003327142678902
2338030029172422898
2338030546388900002
2337517085189796914
2337574410135050913
2337624514351108117
2337867071228298698
2337767452389436508
2337831745768298741
2337538438792152785
2337545425596661933
2337544774397249007
2337544224935119978
2337570260658865969
2337594341515661132
2337973300164477148
2337843581253219459
2337785841583378278
2337953032412594345
2337522405832285157
2337824927522368779
2337829954882202076
2337625902589399385
2337599308201670537
2337786331402507272
2337862978256690653
2337856461785049489
2337625793930647296
2337628046582218481
2337629765458447238
2337631441669858325
2337656893033912142
2337659174819194662
2337679252172202882
2337709324744595897
2337731043874306686
2337742048284912309
2337744238231864226
2337745447676198467
2337826910790703618
2337956242599980426
2337989218040993325
2337813372829223589
2337942042614709249
2337509327891308571
2337572553307729692
2337623222614117166
2337832376144942646
2337762518520040023
2337573028463835141
2337651129482885642
2338023512920280081
2338044945587034210
2337855355578616544
2337740112624298191
2337740128654772468
2337802337354380672
2337979056929425724
2337560147931822567
2337608243754710632
2337927178490565155
2338002568370338869
2338005531913865091
2338006378190035008
2337364701527502011
2337919838079827607
