2335786408060729398
2335388727691964988
2335751676771794749
2335751989784318006
2335752090397349148
2335752198165815003
2335752283293467117
2335752372858414202
2335752527628216972
2335752614886740309
2335752692212715394
2335752769849298750
2335752900980192801
2335753495480681264
2335753618306647648
2335753706429153956
2335753781616071030
2335753858581601291
2335794616782944504
2335469499744151319
2335418970899123181
2335679256962730523
2335704660529953617
2335705120804560598
2335724936726584316
2335779181986050947
2335688509890882035
2335695519009167078
2335730038391142676
2335584141716499183
2335729475575411106
2335254699019074238
2335308641711148478
2335746279954963065
2335748111881980258
2335217377446476038
2335769054377647646
2335818656554308735
2335363078222426246
2335652536538612452
2335488959060458526
2335598509975448676
2335705730403763536
2335594260191414041
2335734819295023856
2335402616937037475
2335335584266155514
2335577664225698663
2335584777370974561
2335480007526186067
2335276921690957353
2335331209658616575
2335690984942703954
2335593379150550868
2335548507992575290
2335618940063250022
2335361635451253328
2335695004260775341
2335622343580134878
2335489022930966719
2335447203293923455
2335491898957254461
2335666042331482667
2335967229706522253
2335743020290668567
2335950384937178782
2335401935574041949
2335452853879364263
2335647972246980313
2335796576454074562
2335645726631463099
2335546089297818288
2335606958234935904
2335990050906883172
2335741648157471103
2335476049411680584
2335557169154786329
2335764459939708133
2335759266717577478
2335553734077500923
2335528450050224127
2335378386234668833
2336093549155805682
2336058339970854087
2335442526360037598
2335816022220552440
2336075199111087869
2335590141586159377
2335753485256814819
2335545981327624823
2336177048965364331
2336177827386432421
2336178677177411437
2335672749013337795
2335733163946259061
2335869467031901123
2335916261933610235
2336195009956922775
2335609475859132856
2336284104138917824
2335705146331178607
2335658416758220752
2335650187341964421
2335773358421072805
2335625076462634767
2336058999166131078
2336146223140295420
2336146606365512383
2336147665016283154
2336148274624788661
2335713284697588765
2336180078805709257
2336078112247597524
2335691448395141994
2336328908239464575
2336122945742359277
2335700853409554601
2336443001577939804
2336480266057701168
2336075937023417089
2336488498461449340
2336210784114088567
2335864086635981017
2336108996510796948
2336297846935793996
2336399078945325512
2336481282455756126
2336356772048132842
2336114239439633287
2335799760140548628
2335879692107438906
2336481767846142909
2336482179122832087
2336482588864455148
2336391695979498106
2335992668688802168
2336447064207945196
2336361234552970398
2336263124767673797
2336436673556997326
2336213930203934974
2336035298511100630
2336434674978524327
2335973789958749162
2336481761210173808
2336387039364088931
2336477054336755891
2336482954237465852
2336483581327912344
2336444243865664511
2336442895748228957
2336484603514440603
2336343970780550141
2336277025522084424
2336077473059619287
2336287732345496490
2336468661751788089
2336144965368205188
2336434849336566352
2336329616823937691
2336369664055272304
2336492592889431848
2336446980336801820
2336216535227807677
2336463249749055547
2336466506852795645
2336113184556935354
