2339184461052382321
2339242226710210032
2339009391833653119
2339262037463232868
2339275355376649974
2339279473679844649
2339280269062057845
2339280452688643062
2338971828661453737
2338972598643314899
2339032994013252936
2339342490706186438
2339342585270972859
2339342595656233922
2339298936736327286
2339002816255628071
2339172755511364481
2339200505228434109
2339155029947900181
2338939472526472259
2339024940278740569
2339024978815975388
2339025009795035382
2339025966817824554
2339027621277820602
2339027652349123054
2339028669535021131
2339030329816697902
2339030369503032149
2339030415464445075
2339030513652924687
2339030553465427608
2339030595525678139
2339030744968834709
2339030778842040001
2339030810433668873
2339030837017127527
2339043183806542974
2339043246737921179
2339043354909015422
2339213274535888869
2339251609309321065
2339251774539879625
2339306204475705356
2339197967860580139
2339277191124575352
2339270960318210212
2339070176191629507
2339063009047753655
2339065212366108378
2339068228640995040
2339075785350778539
2339079251968336412
2339098572996039567
2339115629242423308
2339117059156165622
2339138967347947848
2339149268114110307
2339157200197347954
2339158525580596350
2339213958827679594
2339215119341217967
2339219937195512515
2339221073407485403
2339281964786000690
2339022041678518270
2339267546656858971
2339267576654561215
2339267608405498866
2339267641062332154
2339267669961173863
2339267695345120591
2339267728438008216
2339267754325246478
2339267784851512707
2339267828732347386
2339364854166289204
2339117330595824154
2339118244014580856
2339118557488374352
2339118824984326221
2339120360988779723
2339120877324450573
2339017780921091501
2339063879988385281
2339419359876679848
2338893018788229539
2339042737724177254
2339139362802949735
2339195284351065210
2339195966000957124
2339103692363912220
2339306169485819479
2339445086487426574
2339427576702767354
2338901383264438993
2338903580265606547
2338998490536629737
2339301611007675691
2339069640495810406
2338872581800491862
2339102296388106190
2338815761965079345
2338887587895594986
2338890236774816857
2338890447504869411
2338890570532140168
2338834221485247391
2338839220122545589
2338839390453175945
2338839673560223366
2338839842708234428
2338839992251940118
2338840164830649684
2338840288772476522
2338840420037243549
2338840561972465287
2338840736329669807
2338840957084266031
2338841213809197427
2338841431300894363
2338841688881465767
2338841821035609447
2338841989462018610
2338842074027644251
2338760059376726288
2339292299978186562
2339023068722526774
2339271796351990972
2339230129003069926
2338910329603403787
2339074104231173379
2339259351816007945
2339101028996567954
2339387067341034925
2339423629141142026
2339433509562587604
2339435470575828410
2339439191082834546
2339059341665890761
2339059453620217834
2339103210889569976
2339121519555207564
2339358565997604502
2339392619115011621
2339392980932419971
2339394441397593995
2338921114947107305
2339165227005223833
2339175025528287757
2338927276959618543
2339302853551858745
2339293810273294620
2339294572932205630
2339295689548199023
2339037860035637892
2338967488758620399
2339112746003214521
2339033790066600250
2339185358322592515
2339311522978532314
2339258468238088170
2339277127715089858
2339277433672652587
2338938057218411910
2338938273753686820
2338939971473722866
2339055985905517522
2339256041671529998
2339438847668401390
2339440879917845609
2338896869732740798
2339304399734829964
2339328089154073571
2339144377798288913
2339341749130192220
2338989376556851097
2338989289692899438
2338989421972802206
2338989463269808501
2338989504231578919
2338989540763804755
2338989577019378334
2338989613996543380
2338989327651204721
2338989660242822087
2339369914174114982
2339387856366399124
2339396976712840744
2339432603934914871
2339433486349348425
2339434873665656462
2339406199945838326
2339325058299995807
2338847989244924963
2338770855357334764
2339280151841097624
2339001484597126280
2339291676495245832
2339328490874433772
2339359864428838812
2339432037041111029
2338931645562003616
2339038213700046591
2339203745749185066
2339387244183674152
2339094488281831717
2338938963521550655
2339236140907038412
2338756575094605774
2338757959617604459
2339243028098580359
2339368756899198655
2339209065912030744
2339110749026262451
2339327925290354587
2339241397151238466
2339144070137424303
2339162023119884833
2339172166104669217
2338877465891217465
2339163056470100417
2339434858282877569
2339092509501075565
2339360408581091663
2339395625249243432
2338746178757093041
2339055949070681639
2339058559991290854
2339058612738855773
2339238231777571207
2339239564727536598
2339240680261311130
2339051603610737522
2339409419777119339
2339041609030449912
2339103276363931164
2339260155530446953
2339276377503361265
2339054773112469923
2339094788317777312
2339116128674432214
2338925263349176748
2338926180618230549
2339160392238804766
2339160501886240207
2339160667762605804
2339166316072522743
2339308450070556307
2339312467878181182
2339312784137229062
2339315776856943690
2339315835585499320
2339166449862301051
2339230241996543165
2339301547848803776
2338961553069867778
2339016951313454658
2339017527031860655
2339275891115148824
2339237194776750204
2339129826147706538
2339288744165635189
2338861828702839102
2339467933524616199
2339000736880244684
2339196842226380520
2339286140946537562
2339377093304732029
2339377409395810399
2338944621838895723
2338961578881655552
2339040745438397283
2339388571351700428
2339451036114407603
2339451466491952978
2338851217088597448
2338823863280054380
2338849592927428776
2338850085212926114
2339328775852340393
2339439447546008460
2338836137323437699
2338836442123487473
2338836702749094447
2338836993724900297
2338837160968442906
2338837399465067614
2339302955817331125
2338932457217720210
2338933623762457716
2339063091516716059
2339082200925108893
2339263441431568226
2339026585233706437
2339034081385567026
2339184585059180596
2339255770436005027
2339297034048901283
2339299952093493850
2338945711362666247
2338945798696413850
2338945850227654554
2339023343768911903
2339033124617484920
2339058646705688271
2339094828835434495
2339095974375576476
2339110826464579737
2339172814511310818
2339271636105097550
2339271696780012011
2339271804112135811
2339303411749706968
2339303472164486029
2339308684602167353
2339308743196490770
2339308802176847355
2339340853546371213
2339340952884290372
2339341012267177681
2339357397852738270
2339357560902079283
2339372661931699631
2339372721809623126
2339375766949727808
2339414758885719474
2339414819627795722
2339414876695299021
2339431514786290646
2339440908810889804
2339443469811109571
2339445992047374988
2339462501515658962
2339264381980185069
2339052697770328232
2338970292170276830
2339007018345762687
2339346030363159182
2339297095806597646
2339449415143840810
2339449655418779379
2339083266218632414
2339085890284240790
2339329122092141631
2339175236358273026
2338957783111908965
2338974023306071002
2339022993709565474
2339110044852954066
2339349285882024243
2339294108253050913
2339294752212896738
2339351239413173426
2339411471773788328
2339413959725193851
2339305767043043207
2339435290178648072
2339217379149478143
2339313731379308669
2339362241499711707
2338945269499360750
2339269144049795446
2339311486259934931
2339398808557141820
2339415980968850075
2339051043606223044
2339053101264490000
2339290683830413014
2339290815103648231
2339290854110681610
2339290907864947792
2338818149172314690
2339022578030797084
2339040594261149626
2339167184747932212
2339419224400677877
2338820220142255493
2338820257840786802
2339409933506095490
2339329286676634527
2339329541035991108
2339316046476700355
2339316295668768621
2338758330209855484
2338809216059598433
2339073684610027441
2339334071800782331
2338818684951530980
2338819237458759095
2338906249303142381
2338908481671079477
2339132134684864646
2339146615116748991
2338982096763555924
2339231903787657844
2339214864108916699
2339218371696202404
2339293781993894823
2339295771125658837
2339105228416963866
2338983514269159812
2338983728606440645
2338960185382909841
2339072709910453317
2339391529216793704
2339306060115283407
2339213991435581352
2339442981450079470
2339085596062086198
2339293109831278745
2339097097733110026
2339304701604225716
2339305190794320368
2339308278875929108
2339307946535967483
2339160892719481585
2339224049919898682
2339248682882762143
2339260036192630708
2339346119307586420
2339047202184042035
2339047353732617839
2339047672684271113
2339047792842708368
2339048177074492825
2339048301637117843
2339293535739495146
2339383322315986593
2338958639833120367
2339271866797789557
2339104340802025301
2339314156254983730
2339399009959809940
2338822261535238635
2338822933034838433
2338824102457283325
2339226892291695378
2338823535721503713
2339105838612104012
2338800534108083418
2339336977572071124
2339269290204542564
2339433646791598918
2339179936336864992
2339254707548573990
2339289917976211344
2338912448197130646
2338985842544240751
2339139749065228007
2339318044733793347
2339318856658846800
2339361348691287220
2339368913655125810
2339374347476679475
2339398184654319540
2339408889792986618
2339075681297954072
2339303550788949752
2339336472879416783
2339344389703522031
2339362304817618434
2339371906577673105
2339181854139396091
2339469581063015980
2339425160305920998
2339153383482314576
2339162764764619794
2339163567445293467
2339163805589611585
2339163841467703392
2339163881263302275
2339163922518320899
2339163961902864585
2339165020503309112
2339348280263511953
2338913866621234417
2339324665359348493
2339304211703310253
2339058509885101707
2339058842359195242
2339218910069384127
2338982575837326711
2339297393157064605
2339331397050452078
2338982668464304484
2339067343132420819
2339071273193515841
2339071345797083320
2339071202427171968
2339071417720841158
2339071491809063156
2339071137029625055
2339071567147176677
2339071642518718177
2339352848774935763
2339352924767368395
2339353007369784784
2339353084981310077
2339353165243493133
2339353240648731544
2339353317479918836
2338994501451523992
2339157501398008852
2339380949915516551
2339356217683235744
2338789690635088608
2338789810088933361
2338789950564514356
2338795626145700197
2338796109664985538
2338797578074006166
2338802103602296795
2338840466669492831
2338840556721248289
2338840770286777497
2338841093692794092
2338841263234901317
2338873336154876787
2338900051883265013
2338900161941897539
2338900274399558095
2338948845974981104
2338949542095169409
2338949665886014999
2339152745587889353
2339153410309669545
2339154731632847994
2339158611674465267
2339159570962109386
2339162697991762833
2339164428528250552
2339165800560404002
2339167030607162639
2339167571160742326
2339167663058022550
2339168038221715998
2339168244447139784
2339168674581524318
2339169066715225378
2339169605012211474
2339169843760582474
2339170224443828113
2339170460012847700
2339170633891890581
2339171003795837628
2339171422647409814
2339188790522063849
2339230147508894229
2339456373334771463
2339457057820144371
2339457390210208647
2339457635660886141
2339457806067215600
2339458029623542735
2339460647884288529
2339461453425668576
2339461674356395118
2339473374459484287
2339473498174909813
2339473821094159799
2339474003177345001
2339474098228705715
2339474362729842219
2339474861483067448
2339474978344564028
2339475081658697886
2339492968469420236
2339021222027089124
2339222274630279515
2339239547713657145
2339382847956946622
2339163198524108260
2339349677362108958
2338780318848737566
2339386900248468181
2339414890594540488
2339463461842877022
2338807269298538667
2339133124390571018
2339133247191408565
2339211579601867907
2339318607032630379
2339319019651474648
2339319149960186685
2339110147983904921
2338911220993641167
2338786479105192318
2339289834265050863
2339280781816660570
2339066743775137842
2339078585016786317
2339083570165259184
2339081151813517019
2339082408762536852
2339081432101990425
2339083904996410639
2339083014772328095
2339082156902869945
2339082696458039430
2339080152948251357
2339080903216924797
2339080590263140639
2339081704521926877
2339083296486769550
2339081961490141023
2339128031775722587
2339259863951357754
2339259927285437598
2339260420501823956
2339260042444085813
2339260292030414200
2339407617495233507
2339409207849523849
2338958206569862228
2338961645370759900
2338962380858699622
2339063915329442833
2339183475858436544
2339183643144141482
2339016640523270741
2339321617768812646
2339388620122858452
2339069221316439035
2339238192795198052
2339286536351429235
2339287956576359590
2339290802680230176
2339323807716900158
2339332992169094189
2339207096358971273
2339289794050051451
2339339609295534231
2339371965716650894
2339430903363436744
2339430903279766215
2339432288314210417
2339437075616613574
2339437129362346376
2339437190624368761
2339437244412106415
2339437295423271875
2339437333230881114
2339437373756237944
2339437405314145589
2339437455234637837
2339437510045989243
2339045072402095307
2339424026415434651
2339269864991801060
2339333909487338356
2339374139103839181
2339120676099010869
2339161309459032967
2339334523116075957
2339266487034858352
2339268636095639687
2339320939703238111
2339321858146903114
2339325952743869517
2339330027584574473
2339354655220696079
2339280630417720849
2339450516456693392
2339374590872133980
2338954389342140725
2338954603939645194
2338954712773380423
2339084637303081412
2339264386507917208
2339263631382102683
2339264984615548325
2339332809145211916
2339332846306797216
2338801193754845492
2338987602920877136
2339004166193906065
2338776267268479561
2338801894675545166
2338802308418488147
2338802525498933624
2338857839317412484
2338896356433092820
2338941674302334667
2338950764265127871
2338978984230377095
2339298622239621238
2339300736973992809
2339459743500077801
2339466581155176367
2338793156203915810
2338811951660285229
2339256384406117119
2339386014856319644
2339386424287362812
2339386734640833889
2339364253783549668
2339190794214628277
2339362479551220993
2339077555449330999
2339076980015510851
2339198727901548396
2338902850028827430
2339170112872969148
2339176146985688270
2339305091760425400
2339324058176627647
2339378232360923080
2339383312124391971
2339059288499876487
2339002635556581627
2339016233557312112
2339017675307259495
2339019853686176970
2339031764687597880
2339198233576678560
2339413631320352440
2339413945373010913
2339195653340841727
2339138354050828019
2339019445723103583
2338908517096091961
2339297749194074709
2338928229785556360
2339183031287537089
2339291625106247668
2339192997828530668
2338991962799300912
2339147400996033966
2339362323531997921
2338960606449529991
2339033242566709355
2339033276876155501
2339033304038460886
2339033331091689833
2339033367842153150
2339033408183169616
2339033443691989749
2339033476910978834
2339033510758996830
2339494930807551171
2339257553785185731
2339395827397459454
2339411737474755245
2339234306545552524
2338991027201147411
2339106137433400416
2339106344363483814
2339105892410480377
2339373872608228697
2339395309173779468
2339327235670395857
2339327500246904731
2339358066917884860
2339354369486756340
2338783809977655812
2339040110665207880
2339091595226633414
2339451203788184363
2338796297334415650
2339502420039547551
2339199136318197978
2339200298727583332
2339268687181415381
2338828274137816230
2338873217446825046
2338990472897503931
2339366843004101698
2339368041350391171
2339368826918373076
2339336581285774648
2339278225848794765
2339278191128320306
2339297089227620633
2339051461029323789
2339106441467730258
2339326431252835743
2339344332913640053
2338929822766456256
2338929987543682600
2338930118884207199
2339083478494394380
2339083590683677667
2339056311582671968
2339060520675848395
2339060926818780199
2339070616123463572
2338938677017600242
2339429796067725515
2339101459752088941
2339280510471087325
2339288937700214478
2339290352422195732
2339292988131109517
2339313643073428327
2339353632725415466
2339397594869895469
2339134820919515447
2338947172581986083
2339018367184583131
2339030210890389478
2339115006647497425
2339247153177947333
2339360657604004907
2339074733504243431
2339146156721770741
2338789777591438979
2339354850079230723
2338973742623034196
2338984558910920074
2338986680188624981
2339103377830508701
2339241572899500664
2339357763139926646
2338799028833514312
2338893198768123589
2339119056485119364
2339147888122610081
2339301280287459237
2339006978272891804
2339196600517644372
2339199286130309931
2339261754173192735
2339394969939092941
2339174959391239470
2339317224235553828
2339102874565180808
2339103155113911376
2339103402141638225
2339104700891007476
2339105244690834015
2339105908322098442
2339160633117668546
2339162375691436600
2339201511508939787
2339211206609182742
2339304555676649106
2339363735141653490
2339372832285030722
2338901953764692359
2338903819106042363
2338905561436578911
2338908200106726097
2338912767502669927
2338919715962814637
2338920857283142556
2338921875601517011
2338922635441696866
2338928467579397645
2338934079423928633
2338941212777447212
2338947549691256653
2338948836780601707
2338956143400622822
2338960054723334106
2338967860104997670
2338971534869098910
2338973216088532445
2338984569197183300
2338985311404408561
2338986577320912278
2338992629156369036
2339015330944042437
2339017707898179355
2339024307987746531
2339083393660027706
2339084182113698294
2339084969929842285
2339085935836034791
2339093785777946138
2339102910570070179
2339103398510401516
2339116784950231125
2339118038308957372
2339124797236983680
2339198557898013963
2339199011084213594
2339203356760630258
2339204052436231601
2339204695507056571
2339221117146536237
2339230083863909703
2339238844548683083
2339272398628316947
2339314176387656267
2339368391038394229
2339368687693092526
2339395428872439362
2339396102142183155
2339405326331088173
2339410541553907539
2339411474652179904
2339416886973793442
2339420321982877621
2339427981301998280
2339442515756522803
2339500828728770314
2339328721462699925
2339329117270613382
2339506904570576854
2338846056642737066
2338797382198433113
2339131241691752139
2339471920561280061
2339234215117487237
2339225957667542182
2339236298766043570
2339424487430571091
2339402056491784665
2338881608697662493
2339226598001966222
2339322169563872259
2339254571107755315
2339256087893858193
2338802096497131921
2339139302649188640
2339129048474931842
2339350101700711657
2339404925482026893
2339375321059357819
2339269936336502996
2338887219962354309
2339152857599451289
2339114273357391505
2339317679721382518
2338947506497341518
2339198174016975296
2339429229192013776
2339069593888693729
2339069835044228424
2339476527751707157
2339369752080576090
2339202711508240231
2339025753830929881
2339222188832611835
2339365779530010960
2339427962502727243
2339095604042361302
2339113440378823010
2339457545413943959
2339088836028988131
2338992134589580839
2338992230278397857
2338992362357134567
2338992470981165043
2338992842101737272
2338993120737597992
2338993289189176595
2338993366389701590
2339000429924183065
2339008682880109853
2339128044165035345
2339289986091512160
2339331495625042058
2339338544337423347
2339244526119216234
2339244661150838393
2339244748534800229
2339436398850693331
2339437536866066801
2339442854287337540
2338980824723331203
2338987990994369024
2339348800979373900
2339133310365863630
2339136735468104417
2339137048916792980
2339153812711022794
2339154050528121021
2339154277163190510
2339154511817836059
2339154573843104130
2339154646798783611
2338865073652779036
2339003119051297082
2339123670033491315
2339459724969005396
2339095263203200110
2339206454931972589
2339248721847774365
2339254953476129312
2339255765309058602
2338960280928842492
2339351963264971259
2339497984058072977
2339498905144113623
2339453342134067432
2339256023703736145
2339237627563443233
2339375226596672680
2339275345018335189
2339235666975714198
2339235863462126046
2339377977924296026
2339064511421520993
2339115694272527238
2339324675852696615
2339386756301168001
2339178095321722433
2339303992590747336
2339308183388230402
2339394283297510086
2339147329582332292
2338900729957257515
2339092315572538501
2339344310624119539
2339121107273364068
2339003315009661732
2339036605223930192
2339180514461697686
2339205298016767716
2338901547284745780
2338901548887173466
2338901601961821751
2338901646966612648
2338901546001441680
2338901547200828230
2338901555321238910
2338901746665269574
2338901698741195021
2338901798716535087
2338998722865929408
2339260741039119954
2339519888191975013
2338967598764808026
2339112440724130869
2339277813977135772
2339067074344085077
2339180052007610982
2339182481113558300
2339244399031868314
2338936692481959952
2339265736075286124
2339517082535982747
2339235033956962156
2339214757666382414
2339215461218945461
2339363628977020622
2338995851915303326
2338990579465226479
2339127280825024126
2339292471038745182
2339326713949283189
2339336725677387533
2339371688565027144
2339432830730669740
2339372235889086764
2339459785643408272
2339337068545027362
2339459867598973975
2339463463619135485
2339464049546508897
2339467508631060061
2339467720409955358
2339470258483920784
2339471372818209838
2339474508899210242
2339489157631875147
2339139750264411289
2338915228023973022
2338938291318861497
2338962611713672878
2339055185757597278
2339404649529784189
2339165529600040079
2339252861349109033
2338966743161912110
2339047936616178580
2339077419419219022
2339326526608083186
2339074933017027747
2339092643054747887
2339092780258890217
2339057670243356721
2339334893252689587
2339212876765289931
2339228688100228340
2339053608490168458
2339293430611576187
2339297000006165929
2338996411370351274
2339100301042552865
2339393493604289341
2339071276533698543
2339278846009966835
2339318067206792040
2339338733918166127
2339018509554834878
2339077874425243741
2339183385447299615
2339238395170357033
2339267910386880024
2339356189866269611
2339248119304027781
2338955966418299148
2338956545224050004
2338994215107138209
2339023938201838552
2339023964089078440
2339023974515974813
2339024592857113565
2339024592898904714
2339024597496099190
2339025597845855580
2339025833188254810
2339025835386164537
2339026427110207033
2339026486988090865
2339026499520618637
2339026499897917654
2339026509326887629
2339048182319105936
2339070083531636462
2339070299043381493
2339070474247815963
2339070472100499030
2339099165485121072
2339105556094399017
2339112323209583712
2339112420391679194
2339112420928473936
2339112427211607720
2339138000478783705
2339190017934900384
2339196495567667884
2339196516178507621
2339196537762250244
2339196553130328735
2339197289356482422
2339214550284656674
2339283626537509841
2339330173564126194
2339330199686377074
2339330222595649844
2339330247736362059
2339349797789865603
2339350332093818975
2339350354759964561
2339350357603561429
2339353435358876447
2339013159282978390
2339285813344638468
2339286760611555530
2339286802839761160
2339286785290761713
2339267554466102877
2339340784094296093
2339349386720927528
2339035950898142025
2339327387412744607
2339052973738438164
2338961466885888823
2339185031888828964
2339185126277403044
2339385395459800089
2338944599055150455
2338947671081009409
2338952454860955799
2339318992805666169
2339318318806211159
2339497958396956337
2339401158325352974
2338845374338314003
2339155520000142335
2339210117517284542
2339213086145009529
2339340006580821851
2339440586351666699
2339228521326220269
2339238037983509196
2339276965149738984
2339312243516293305
2339314327992985233
2339316058747433152
2339459149894763862
2339460200995625193
2339013662937114056
2338980649092025648
2339011634789791392
2339059543900048564
2339059618449652065
2339059736368253914
2339071665203747263
2339073126893440409
2339160634092299335
2339204860880414589
2339241712975065233
2339263000904785720
2339005562777669372
2339336077195879460
2339155349627504699
2339285195699614214
2339345479894151448
2339357423091040866
2339072229337468878
2339119772914414018
2339398737549801292
2339363415067695837
2338912583202969783
2339012491801189514
2339020004151818796
2339343260874747455
2339414309515583003
2339423437260801723
2339076132816975920
2339221751451615449
2339035461472196377
2339196180616324505
2339073173164121754
2339209586794753506
2339253248517794918
2339319507876941249
2339025337695893942
2339058346717374212
2339135127797399805
2339154618350824565
2339158384625888692
2339200807343388849
2339405646413287731
2339082370264964014
2339125221774376864
2339507223128376450
2339075938643391729
2339077104173436672
2339077943999013566
2339328602752960771
2339331223815588826
2339332124215253556
2339332494781929727
2339333057993231058
2339334077662005682
2339063058717991678
2339308377335066446
2339330839233951384
2339110610430934335
2339119020471928422
2339129840224778163
2339142774963391734
2339346095452042080
2339020873564752071
2339194102715622397
2339132318638469532
2339268040335000132
2339302008593824602
2339183570709293456
2339217251926701483
2339381330607672117
2339381541556016304
2339072623759241089
2339263214537446779
2339190957526202812
2339198029617570514
2339199088100493773
2339343887862179303
2339107202895618587
2339449534436229202
2339450475772371480
2339450710166845471
2339382157162479929
2339019118071675690
2339320339093447165
2339408746339422119
2339410562339027718
2339412379470748039
2339514111611062234
2339313196940487398
2339204064222326064
2339204196242094795
2339298612885239326
2339002664649788663
2339055362447457278
2339192887174338327
2339221915440607257
2339336150531295008
2339336212036532524
2339336252905969898
2339336298892241143
2339336344903632489
2339336388474055041
2339336519688715762
2339339926529081567
2339340638185041809
2338929938806065016
2339044182712914056
2339201949520270718
2339318745057302098
2339453479431378055
2339109439153616522
2339109614089500637
2339509884866859281
2339510032842055200
2339094935359628091
2339240067531594822
2339346228755024720
2339141984220181035
2338947194207798754
2339478579364320463
2339035164482739356
2339247423503006586
2339248839676286930
2339249725789972937
2339313903664581379
2339314111643256030
2339328721863794179
2339328897999328536
2339030351306972443
2339370319216814515
2339046289782060439
2339447626465180683
2339199979095059254
2339033882795778052
2339159906867069919
2339007490706367980
2339047179391629668
2339059405746042887
2339394217262323540
2339425843195933761
2339365490887371014
2339085557038995748
2339088835147507065
2339151802446820337
2339153338627375784
2339160283849513003
2339221283055378709
2339221964646727871
2339226554532308085
2339231073366241037
2339263718875976479
2339312946566239792
2339275209164313432
2338925324049231233
2339329916075844472
2339180537834862162
2338950897920297622
2339003430277507284
2339117722671481202
2339307589762081932
2339410839836516243
2339043303661900821
2339097059640305655
2339177836080056547
2339178356316519747
2339179541224081467
2339180000240217552
2339274508000832249
2339315844074779472
2339037533985561899
2339085132062788264
2339175789150600110
2339080313027009905
2339084301919304715
2339191593089012525
2338951000829749557
2338951043645253539
2338957927286679848
2339034393106091901
2339036368010830489
2339479641629997292
2339115438115845811
2339208860776348209
2339175457702035965
2339222268718444229
2339223512606438677
2339405660097500936
2338928782242662175
2339010245440992758
2339387570976209861
2339046658005867096
2339194930427888215
2339392583908661037
2339205817490524559
2339205971824252379
2339291116581365723
2339292429960571337
2339137268184441726
2339117957341054025
2339306636152065917
2339312013090431265
2339073888308363751
2339074004566006099
2339204769953968204
2339216081748686558
2339327245971171456
2339364003167845185
2339364584464682901
2339410750875353257
2339432291788824957
2339441215313250767
2339428822266560407
2339428877732127405
2339443657528412449
2339249152938738856
2339051027163994759
2339145246457108584
2339145333245625921
2339145282125300406
2339291927316176552
2339472975865912995
2339038721067989366
2339038893504389216
2339039085829894848
2339080995206353098
2339112354197138213
2339112596476935203
2338959657522740235
2338959557480272943
2338959720756208822
2338959890717650528
2338985407479264420
2338985650597775961
2338985651595975734
2339290287603214660
2339364036738445849
2339022843477709196
2339439864142631763
2339073097238297674
2339156775087739003
2339249997445210375
2339175775562657746
2339286006609998734
2339082015278020855
2339081886772791797
2339084752640168554
2339086765671184574
2339087311710730146
2339091413127791792
2339095216640101125
2339114436501403153
2339115091139893648
2339131762768568334
2338961325344062940
2339134623333614372
2339134771711428782
2339134709333662787
2339140872175376796
2339140907290231891
2339140961413483971
2339416792551465641
2339418122624161827
2339419499253279123
2339423167717372001
2339423382893680613
2339427802540709981
2339458278823979683
2339458667057126215
2339366722216048953
2339376888044571934
2338951041684847564
2339285193132666556
2339209069529720845
2339390356271061970
2339279918644461226
2339469202005551121
2339470577779250340
2338941086670886190
2339317100874962105
2339235506686798686
2339308291610328690
2338921395764829083
2338925229954188799
2338926372834859998
2338859361093760415
2339024636342564357
2339320319934995526
2339041708643612978
2339131737810687472
2339003758850007060
2339095822564343297
2339388688842961242
2339442196694923067
2339019102469157159
2338922177901324296
2339355954876116808
2338966625878870275
2339332991999833767
2339136147617696398
2339304881114247932
2339311834867505337
2339314058502009445
2339049788015437376
2339086319025736944
2339320432727129013
2339280131840817553
2339023548733434521
2339095512361449452
2339134497990533893
2339135889576797239
2339136088344633439
2339136227679462538
2339239917526536683
2339240085449666066
2339241667969123895
2339244543776807867
2339254952118332205
2339255159291893664
2339261764968366233
2339304061327914744
2339394612509378587
2339395967915404967
2339399442158162877
2339416057398632265
2339284560659279991
2339058221987403893
2339120847861865154
2339008349742043979
2339191283187183588
2339030793329179228
2339296686777466155
2339313574244920046
2339313846153263075
2339314142438907295
2339314322643006787
2339315682050354370
2339315882605185306
2339316090818974155
2339316278748920447
2339317859213062690
2339318040750863811
2339320838209131092
2339321000125958349
2339321150172827269
2339321302761675314
2339182012365855646
2339182360275181227
2339182888497199841
2339306587222211327
2339291571521091172
2339072049358978179
2339072174340892493
2339072262496817009
2339072623517196689
2339072765402159161
2339072828912348748
2339072944498838699
2339073012018915676
2339073057913005235
2339073103505065475
2339073143602635252
2339073196316688252
2339073259155495354
2339073323815076174
2339073439091157349
2339073585749390275
2339073641080431075
2339073697913285238
2339073797754511228
2339073887772755598
2339073966088815841
2339074058665539223
2339474020751581767
2339050947355284785
2339334165560213417
2339163089805923723
2339294725671386330
2339360028861117814
2339364196321450209
2339370274044161323
2339388548995761136
2339389578152037534
2339392797708377390
2339451616573695043
2339454984423681929
2339482916172915383
2339484854050604681
2339505524704681441
2339365093434669773
2339379945397824787
2339355605564701973
2339192004792874809
2339295683682907259
2339406998053821518
2339292686837351555
2339293200690111678
2339190649460882646
2339247157741456598
2339381667334852091
2339445889881785233
2339446291494670661
2339077064404495457
2339268815761506383
2338963267048112730
2339115189099738797
2339309704829910486
2339323963592913598
2339356391309033728
2339381432396632663
2338928742381147468
2339370503482311329
2339006663622820154
2338876833690600259
2339252403022107932
2339377243048023156
2339381416942563456
2339098228206885928
2339400925556578491
2339410662398579654
2339412792484051893
2339251440134028268
2339030344227170974
2339172471187764149
2339172552062524730
2339172875158035560
2339187249953749302
2339187595857890653
2339025328368236969
2339067536664196527
2339068663765981725
2338923772331791851
2339292572171843428
2338934079631725809
2339338270221100086
2339326049311930381
2339162970065712703
2339293326961981991
2339288039437781335
2339043958812810548
2339311156412103922
2339311202339867758
2338953683433579611
2339196120009617848
2339250205794679242
2339313194174498951
2339485100986884173
2339486079971208120
2338989859975048530
2339170408590126291
2339228178777526456
2339430130413063007
2339431127348710510
2339431335394578978
2339071162230096080
2339074644030911554
2339254298310117934
2339429682763402885
2339092399031997360
2339358486600514630
2339394006819004658
2338926771864320691
2339358541931827378
2339341246743284460
2338924378409843422
2338926941775386167
2338933185089304089
2339225354794617208
2339280735847794068
2338944479643535611
2338944625311643983
2338989837148940550
2338901003417807543
2339266541097781500
2339412780875431719
2339089653757541912
2339089897522017596
2339090080880389258
2339090373869259002
2339119499845976057
2339245975610094913
2339317250550403014
2338941565148689379
2339187971113394963
2339048079509107014
2339137224790921704
2339389368496340860
2339447037032291859
2339023031978020640
2339416724318060290
2339223340453814879
2339259027504810073
2339289356458399128
2339333624140985945
2339360611299538460
2339504487412311773
2339174771932298319
2339153334786499520
2339286453338374874
2339455646888131830
2338969962030564506
2339262733030376722
2339029749846096707
2339182219238886563
2339248393586745547
2339419589364271710
2339253882586275072
2339260773626350907
2339261084382287912
2339262034442611383
2339512524577389449
2339270184394655547
2339287510141803570
2339085780889034879
2339124823123044105
2339168893916698983
2339366429654839011
2339327364075725186
2339151010462122366
2339139915722203621
2339002946355141284
2339237379090698047
2339121770325288613
2339272381155398382
2339379744868834044
2339385925226002435
2339069757641567617
2339176226718284863
2339200466112978421
2339200736016265538
2339201478307451331
2339203226099115526
2339203833308396271
2339204775491913116
2339205523445121604
2339206292890330206
2339207723500331721
2339208371495024456
2339209256837121759
2339210836395321260
2339048271487832185
2339083071267480012
2339129075215704858
2339223599813864269
2339164551362596719
2338965450132334991
2339087283515582575
2339216255177183976
2339185573505661738
2339312617482151409
2339191550793073578
2339480353344650489
2338979473981306758
2338979504784215479
2338980958840461930
2338982412577765417
2338983821704430051
2339034478427947313
2339034722343454443
2339034781927813488
2339034806741309071
2339034828157224641
2339110635764471327
2339327439951790154
2338924693822066498
2339199289745901116
2339228375222440774
2339210339782388104
2338967333535431010
2339121512803290695
2339139301173634673
2339290438791106336
2339290602436110236
2339408152327319778
2339180587971345038
2339421692923160552
2339196240847510967
2339251972385033256
2339373244158859367
2339180723508270880
2338953822967214585
2338954473428399514
2338954968700081441
2338955483148431915
2339024321399245212
2339033593629826328
2339087909279289465
2339088173008709788
2339118012243845224
2339175549219546445
2339175725287965950
2339176944958054517
2339251056422232193
2339356177072305408
2339208334265818474
2339357917331804051
2339396896040040320
2339578244321723995
2339581133410139510
2339584995330635587
2339492023154813942
2339313744273550776
2338966586387768540
2339036615334669314
2339037091430031786
2339225619270033943
2339226102202116343
2339226582382976388
2339236045596738283
2339291065872598239
2339291559173034320
2339292339221364180
2339331276279156571
2339177398421115340
2339037184921064314
2339090914299089675
2339091253475933678
2339106445404164058
2339160951894707653
2339228739279589645
2339229520670001644
2339230708950075033
2339231196487444784
2339326163071499466
2339393745908635892
2339005443677207459
2339030014630188466
2339095963735490321
2339313015284892136
2339013817714779438
2339098252099329122
2339138835211797569
2339144531202475794
2339145355576108785
2339148479577611432
2339281130959519937
2339384188976746604
2339232816143039223
2339234086958483649
2339067288481007073
2339069955605401210
2339107289969320488
2339285692315906766
2339325746258183495
2339208149044854144
2339208860558287531
2339229196003490349
2339249865055539634
2339364319877292030
2339364356569013938
2338934916262518626
2339061231342940835
2339061322862705534
2339412659525893268
2339151861076430176
2339255409407687107
2339294555509363984
2339385717071054423
2339287308380149837
2339287337975287018
2339287363577419022
2338881609319012487
2339042705715654490
2339122168499363350
2339326518303854635
2339010308659767780
2339075824910745128
2339179908770741952
2339180269715609104
2339341482389189843
2339361544248668275
2339089242598366999
2339218849301545012
2339197560742329647
2339201094108028625
2339311167584957245
2339436786301818415
2339450678834916999
2339517542634293108
2339551697975739212
2339576625437360396
2339326281292081330
2339326548989370585
2339372102016486759
2339463958607265575
2339460886682902911
2339467200192398364
2338994184262038483
2339321865856058253
2338894663577434928
2339234247036840802
2339235959881532044
2339372313038779345
2338995196942209649
2339235674593932993
2339344149219114366
2338973094016469770
2339181395299874643
2339352660065198194
2338870364859019831
2339263515099214094
2339270551724790918
2339095232534485784
2339270598540518798
2339221147193966626
2339217134822671268
2339009795903747862
2338950752168096766
2339270742396458372
2339311976917788028
2339074705275567030
2339481839882034282
2339458672048353632
2339492460572796197
2339316961756276556
2339090123284670581
2339090731567793350
2339091018315712496
2339091263153935488
2339159939362159761
2339142086493110069
2339056738587803659
2339057130293737816
2339075914585038088
2339124768386591459
2339125737707232497
2339279943273510242
2339282282638118472
2339300171747349154
2339300232640326938
2339300290445985078
2339300349115979316
2338965564233486298
2338967135587477730
2339282679479922006
2339010114596238494
2339016325613857151
2339173909440444058
2339075943771169806
2339257640475269783
2339296113743768066
2339436124812275273
2339447033567692378
2339466103499511849
2339407030921970998
2339272327089128801
2339089642796075050
2339372741555420303
2339211558025693200
2339371899221424183
2339329133534014452
2339476620062266525
2339212413125004891
2338950280131703808
2339375816096261166
2338986465299451477
2338986667859226263
2339111856903246819
2339112401432939703
2339155771643646123
2339157660422565870
2339260941778007648
2339471099987511185
2339150897097795993
2339150913371726686
2339053814162000159
2339441163303668708
2339020239026366138
2339194005575602900
2339207701672664496
2339410394433254332
2339468347886557762
2338966474767886087
2339435371438035353
2339192959280418068
2339059821049756987
2339069763456055006
2339405188137678670
2339183426091154546
2339050998054261943
2339141314581132735
2339307986902495321
2339322659701996172
2339325136396406035
2339343908666678123
2339351120822828896
2339315047291223516
2339333937203419963
2339199556981150424
2339309540346908439
2338988396004611490
2338915656094462584
2339413518435244259
2339412962958915102
2339341060676726545
2339341496506734729
2339455018440570723
2339067327686909797
2339208697793970433
2339209156298310679
2339209789990555642
2339328052804295031
2339454720692772738
2339489142515672821
2339226537612481724
2339021810589062793
2339049646641190677
2339064986343443405
2339157073353098217
2338989750203233809
2338991287289957531
2339098624981899495
2339151409668575774
2339321225075280786
2339321359452565979
2339322892638230735
2339075490809250912
2339043122157344204
2339131369004937830
2339138302835403365
2339579899932316583
2339280894441730907
2339349572067578685
2338984908002825039
2339138134106958475
2339170566932910787
2339272285759482178
2339030703913966099
2339241852041207249
2339296040779774457
2339455203828581749
2339192777643721625
2339209675060260857
2339278409015609045
2339420416463719656
2339454461998292494
2339415629345663192
2339581312731962300
2339581815486350469
2339582521169452054
2339583014134544290
2339380739637972446
2339307947905254135
2339052157175345938
2339053361938959033
2339413380810598428
2339413770436256999
2339414139426015962
2339256403129280960
2339111225324738385
2339029467124786866
2339148049961676180
2339087474742825867
2339172183426577000
2339076504715133523
2339082068224469736
2339082478150509169
2339207445810813779
2339253825166293442
2339346956599668601
2339099514283381939
2339164460471886192
2339213887492531832
2339349843776117046
2339211829924090255
2339171394510545808
2339263475186719551
2339275174233126101
2339049521324485254
2339201893031793505
2339204406149658156
2339359870468643229
2339285408168265400
2339301742851544209
2339332759536727063
2339336422380475023
2339336649585851412
2339159249980319115
2339351029329788361
2339059061863835101
2339088325691662378
2339255023656989347
2338961473816386597
2338961932656435934
2338961726758008503
2338962097492605926
2339026404813250512
2339084049363320779
2339152572890677204
2339224234906549463
2338907265882467693
2338988669219753154
2339258774067573224
2339357590235866541
2339135037377942623
2339144424339307690
2339422133368118440
2339444282356110413
2338949320458111707
2339293649807115953
2339139234634838466
2339167314904447366
2339337908950297992
2339157772931097305
2339470694836289074
2339486263689881204
2338904692492436828
2339035569667352399
2339343361495172167
2339376210311622137
2339038160876372443
2339456081402353765
2339456717996968689
2339456901187383738
2339305988301267612
2339260475411381769
2339261137348075482
2339417417022730747
2339279713057344875
2339197222172139592
2339154855883345722
2339216532856883029
2339060771857900359
2339065291530982876
2339117956159953763
2339484959815191146
2338991698976586911
2339080209436151014
2339080598717760883
2339012336571768652
2338986950687606020
2339087104284239433
2339248853163499608
2339610101009052092
2339281773888058046
2339311404842252367
2339416805042693008
2339241026516289841
2339014806203012815
2338909841152972237
2339086278124162270
2339087826200021036
2339141520858728287
2339361422269847580
2339140634843486647
2339252233864232196
2338915736836116505
2339344762906110607
2339208559784518204
2339387372149924128
2339251690761259151
2339197735143857468
2339424913261512899
2339464573584945104
2339296932454694774
2339297366883747044
2339355256776672412
2339331653623930453
2339365397487635339
2339226617790187658
2339264026963789917
2339313828233480746
2339350862755188589
2339386744363046776
2339391049480604923
2339052335585852879
2339313172447760552
2338946863058112671
2338947304055597257
2338947795342750764
2338948428909191954
2339084857982223678
2339149134720007310
2339158003760295033
2339158129513931896
2339158845179689891
2339297748825994458
2339432411527886828
2339414958816642898
2338932569096019076
2338969087130762867
2339188661839219701
2339081527621919608
2339252031691446335
2339228140903575218
2339100394070717410
2339100887278790013
2339197927953894405
2339360027233495560
2339360007520417310
2339366599531841038
2339418389793296706
2338918221641743453
2339133187849396648
2339133471820438383
2339149162418157991
2339149767639390270
2339005195249550706
2339007770963244013
2339009058396573870
2339011978563295641
2339012870574235652
2339013813109852640
2339249778990712182
2339250291291295329
2339250755131097669
2339244139144395715
2339244524818978788
2339244885344620138
2339245287721103732
2339245675861808264
2339246077986538353
2339246437195203166
2339246800430366389
2339247212193458047
2339247609544973976
2339248008918334581
2339248382454758350
2339248840070014353
2339249318640220679
2339249691270519971
2339250063330451636
2339251531479391382
2339251908832550722
2339252273409746144
2339252615153236555
2339250879399435225
2339252891566358895
2339251123272946513
2339250599949692570
2339278102781151045
2339311113329233505
2339324859179219691
2339325065404753361
2339403407864833598
2339407931589388442
2339413694437184973
2339214168166931033
2339258065744200252
2339355981567518466
2339356349483500196
2338953234609590390
2339017942452494467
2339282490602028699
2339283070045117388
2339284860492583460
2339381261954539609
2339414461237979397
2339364841866691862
2339075806456098992
2339186491406113997
2339335029226205874
2339336135566138952
2339353337966935531
2339360917804068434
2339361464883929964
2339361692861246445
2339149446624808277
2339172437399999957
2339185642620987610
2339284232446075639
2339385553248537113
2339397026758136213
2339141501984199536
2339249642617113851
2339295092220958718
2339592825947539171
2339065045005953885
2339292759273136123
2339330185601376263
2339375390668948266
2339325821889306168
2339450000819103020
2339454628839394397
2339466015141633759
2339467412876641809
2339112773844098167
2339178248464653100
2339228438615078937
2339228799904198644
2339230039916661002
2339110628616146001
2339269542935866527
2339005512539214433
2339283706277117322
2339308013141184752
2339308275612419182
2339308409939036599
2339308603799795822
2339325306533411000
2339365296447343065
2339303237012566226
2339238018606318771
2339357085474749765
2339014685307158830
2339282076188296054
2339001448275595065
2339001465094679062
2339085224439634171
2339275811113653501
2339257616559317683
2339258121628981607
2339321716167324609
2339044280626541769
2339044480938141125
2339323337553418806
2339324400851449145
2339324822219580291
2339266384516567335
2339397855914759309
2338955372754966415
2339432011256948066
2339433299059304983
2339351672525726449
2339359477957810967
2339359662347802298
2339003684343959636
2339013325840891425
2339066645041308140
2339096742863530463
2339201222019756726
2339433382895153213
2339450577016427878
2339450802519075950
2339451018257287538
2339451210750732076
2339534636010765427
2339047076597788159
2339156631759497401
2339269530217663693
2339462822805063832
2339199983489921344
2339339943430047111
2339359817880314010
2339147660210451003
2339511427534194574
2339125210778108619
2339527496801089127
2339591811412469279
2339592422430144066
2339158939174172004
2338943478104734468
2339104988672102821
2339105687720079228
2339105862857345434
2339106049159992838
2339224099205131283
2339235491622573902
2339235548740609128
2339235585549669417
2339236746197542882
2339236950275550122
2339237577491775296
2339238352221874184
2339238401739630128
2339244150914152032
2339275624232668212
2339275861990957780
2339177397037743740
2339328129000374014
2339372925869951593
2339229348836718379
2339297440728212512
2339445490759017839
2339620444389540582
2339231658221703508
2339311496376811103
2339311587158147357
2339311731484235635
2339198262281626935
2339203185077591264
2339066356640987579
2339324210337777721
2339324349345388237
2339324547500920516
2339324729659508454
2339454654432042864
2339454801660380412
2339471495720083368
2339255058753825285
2338971489694673194
2339142966389962674
2339143889522698223
2339261791055675234
2339294022899060471
2339294050472287992
2339294083120696561
2339294114703975465
2339294148627420752
2338987529006783238
2339207866222858358
2339282874196207935
2338944138254037362
2338954615004711713
2339345382646870808
2339313588085151548
2339049677604171099
2339050334952233732
2339244218626506021
2338945927090104184
2339423835199469082
2339544488112200598
2339385481768212018
2338963970827663497
2339516828555757545
2339013827252536132
2339108088463546585
2339233382524634958
2339301319571245492
2339340299008373443
2339347856833885905
2339350470623332383
2338987649779190126
2339341316202680905
2339151748760296122
2338923999916311046
2338925776875169856
2339300040316512418
2339141470836869418
2339281734930480682
2339086970862866854
2339493996323464351
2339499736622926280
2339196237869037346
2339628462606039928
2339069628147250437
2339070505310400213
2339071656864930435
2339098799019745550
2339100097232446849
2339108275789701308
2339240599764288000
2339328863539933842
2339330042860898312
2339330200390428415
2339330632949095186
2339331380575433188
2339356751004113597
2339357557082202349
2339358530236312107
2339360823759542094
2339209640851864548
2339423631540829090
2339522886859383188
2339128790448793383
2339243431027903578
2339401804457375741
2339415853253518491
2339266223168823117
2339267078303609836
2339270696446131032
2339503239822962695
2339222146865650203
2339536810991731303
2339379968903438538
2339210277042824136
2339396725725500974
2338998582056409920
2339034294105535977
2339198725519219729
2339222193262356875
2339222986950630132
2339115314115096878
2339363723749220454
2339163142921390947
2338956087347623585
2339005914621561510
2339006135149736255
2339017086058010020
2339017751291384489
2339018302993413754
2339018761875311608
2339018993895846378
2339019274830291794
2339019488890892861
2339082325177260886
2338931766567808205
2338932135121337024
2339058998481075991
2339082842067666388
2339159265280128733
2338994990364336274
2339220066607256199
2339337469336836988
2339321827737511897
2338949015464561047
2338958512861782642
2339093744755786744
2339150728663092595
2339213401471672831
2339142718567365084
2338949878603734354
2339126271986263804
2338986703525859092
2339171927614443606
2339346651858394453
2339346897921542114
2339081462342289835
2339096529507165406
2339020558270479669
2339109852754482226
2339358267716519663
2339358530967714383
2339427035796975259
2339427441469976202
2339435291814437188
2339070886908631619
2339244850925655040
2339337529978076884
2339364140714719756
2339414946612620213
2339516899338332970
2339018224326013761
2338968168386825989
2339284141906287325
2339285498428064140
2339285864783646704
2339286025383658794
2339286151355369681
2338954706239625099
2339232056579279391
2338994163088754023
2339181539995534694
2339183918593826345
2339238241180716306
2339641217888146095
2339648342710532352
2339419416708344922
2339367893409893525
2339123802765845919
2339281654558213186
2339344171430794558
2339419362030709099
2338976280380540751
2339147765606814593
2339304714581445925
2339305304669734032
2339305974877573563
2339094828623469644
2339136224315104593
2339051931899397749
2339204546047535679
2339207491682109669
2339585809755392083
2339225532172259663
2339240059823510432
2339267485463139288
2339299378757671766
2339390044770762320
2339424859087787276
2339428071052195351
2339462121804661663
2339463862356868778
2339464744611926841
2339621408633523256
2339243922793381254
2339336805344970588
2338949523663297718
2338955069917761769
2338955130382863187
2338955182014874242
2338955223001569021
2338956243433923689
2338956335775546735
2338956382911132445
2338956675136845801
2338957754574357795
2338992808595917030
2339066799205435756
2339072209253794704
2339072574107909971
2339081245646809173
2339082629834150586
2339186104077188249
2339294590152973600
2339042043082682389
2339203990159865817
2339334551494855524
2339335013857613515
2339077541347136192
2339077818783610531
2339080074169754559
2339080270077467987
2339080332832658520
2339080537648743711
2339080786446448779
2339081129867829655
2339081208427098487
2339081309736235562
2339081389327409367
2339081520130939984
2339081646706697274
2339233458743041775
2339233563348992830
2339233606634203769
2339233649801828443
2339233714981367867
2339235008689326311
2339239273549940260
2339239585262160768
2339239973570811344
2339241107610092247
2339241502302275211
2339241743298801348
2339241874781823754
2339239751348366838
2339242203757786160
2339242450366021049
2339242629999774707
2339242796958315476
2339242971684530750
2339243138609522545
2339262114412481866
2339262219546823792
2339262301663009971
2339268466669188644
2339268552811685421
2339268641504404143
2339268753232256281
2339268841119850650
2339268923747473071
2339269011979050001
2339286077469525640
2339286123246221475
2339286169836511518
2339286236710539997
2339286283107724046
2339286364510892404
2339286406638371022
2339286444387133872
2339286486514739132
2339286526318850646
2339439256295254770
2339439354676991241
2339439403423092811
2339439788913113751
2339439825663815609
2339439871541003600
2339439491234995177
2339439675398501295
2339014484633656134
2339274878995469424
2338984095398396965
2338997225255964069
2338998313677902844
2339371692602152775
2339342230174974980
2339345858684249517
2339310089690787471
2339027412207037890
2339083126162214056
2339194160847951413
2339361452223196503
2339362275246397008
2339389180708400472
2339489146885979235
2339562628223121759
2339371334053706343
2339372153612504624
2339373996807777943
2339144515271907435
2339282468446964284
2339371559155072802
2339371665077858920
2339341099766531449
2339341280532733222
2339341380180993125
2339341447826540253
2339341552785008563
2339341640823414292
2339341729725841661
2339341799133271363
2339341870319007690
2339341930909794487
2339463753034143476
2339165254076300289
2339249270112485203
2339041780794454278
2339042230281361934
2339042690941687072
2339043780898667425
2339242255187877173
2339242700798985324
2339243129289150137
2339243482608952452
2339384591049954028
2339080667368793475
2339193506310876332
2338991898928062627
2339362045820346756
2339316394258112483
2339242946452540525
2339031976088226122
2339040405909646482
2339245684418211594
2339022463944278312
2339574613790816831
2339144917397660623
2339015889372600759
2339020356893592709
2339040766242787405
2339148622308689568
2339190440182180917
2339238051555621271
2339303867701786232
2339123148622076179
2339381032643641736
2339381700007686975
2339385263144506889
2338988654489677285
2338988741059945556
2339151836478928855
2339281812238574749
2339281926222935717
2339323435269809271
2339324439352829100
2339325350204412075
2339325539266864968
2339325816267119572
2339387500109471189
2339096455442258050
2339100743094629962
2339144788504370879
2339192709392334855
2339271767794682516
2339073504288548370
2338969845426820302
2339203006358207695
2339206567397788650
2339207428119457331
2339207630427309639
2339293795574702348
2339301522548010568
2339262226149854375
2339248385734676100
2339248415329685868
2339248437542656279
2339248462515509996
2339248489283703710
2339248516269847214
2339248546217079226
2339248566274222240
2339248587430325254
2339248610121451483
2339157529425354471
2339250256762679232
2339406548206792910
2339418849689418951
2339662860496739962
2339055296149744662
2339081131435977571
2339438752282052886
2339333777668517883
2339399560546506492
2339615156630624520
2339623161308874433
2339623521741984379
2339623755515888449
2339382673078033022
2339245235116627244
2339253366093699596
2339568392390149816
2339055856819613956
2339148271731347513
2339180432253548684
2339202996409536760
2339368277152914111
2339084537832422590
2339110078258120821
2339272255149596819
2339317756200769274
2339341451258116961
2339250847051033544
2339465625061152784
2339151349454151963
2339449417625989292
2339131009212181916
2339131854733548279
2339149699559326392
2339150145279637721
2339317625918790573
2339322279993956267
2339323908382245592
2339324744776598212
2339330923858971812
2339492686571179999
2339233402531435188
2339233439793551889
2339233474178622465
2339233506407598515
2339233538427026087
2339233568592452100
2339233598480987712
2339233629778792154
2339233666839701553
2339233703808264306
2339613154110901270
2339613937766380120
2339140967949491853
2339207952125238236
2339246719094334684
2339003310060377087
2338984524401570466
2338984730987842656
2339172702537335435
2339111973059771339
2339318230332914749
2339343298421191796
2339359262437056953
2338980143567992083
2339289136997142320
2338978522143237659
2338978652351194750
2338978759683367989
2339262337533283480
2339262554026295872
2339262735295949783
2339296111629341714
2339296454136227530
2339296841698251064
2339297350903400760
2339388479992976852
2339388691712886797
2339388863461250944
2339466216317234504
2339618677354568172
2339066544494815321
2339033670604426216
2339033606783794289
2339115918800321809
2339169099202878690
2339016949197346804
2339366206753214772
2339366233781389054
2339366268300647878
2339366302786164830
2339366339813506371
2339366368024424295
2339366394054172546
2339366422256699134
2339366471984305776
2339366558546267201
2339366588426573972
2339366615186331565
2339366958213135769
2339467735241940086
2339468037567461008
2339472062069339809
2339407241484238605
2339501449855571730
2339515064834599739
2339307047914437009
2339326856479788324
2339327083198610399
2339327223514814323
2339320209046051309
2339409909925585208
2339416509059014018
2338978659865905244
2339335946132055002
2339041556770027464
2339049743027904177
2339057538586399504
2339058020277243436
2339265627512192585
2339283688193529364
2339296813974299155
2339234391389420533
2339014449199230379
2339045171796461768
2339339460642563061
2339670283526729083
2339198360571318065
2339438946888932458
2339540449926473389
2339326308999175095
2339241991508802803
2339242253442978057
2339259502233084921
2339301757790476905
2339075728073030590
2339075766023038220
2339075797681487929
2339075838039185732
2339075881307629412
2339075923208813301
2339075956905725171
2339075998320310219
2339076036211522442
2339109810995552389
2339116703363209045
2339117950615157047
2339292706615858988
2339412461058400681
2339107777263254651
2339282697481623467
2339283769277393409
2338972503635819517
2339217938627648997
2339147509510679732
2339315753689773978
2339302672728594002
2339008728907896028
2339372929392085125
2339475979373510583
2339197737885770709
2339395660029377622
2339266404455611293
2339427743602335503
2338975652728076272
2339024306495034320
2339033287741497306
2339069381715651943
2339212908868944651
2339213440513767029
2339213730843616392
2339683165920461479
2339129029994298735
2339129165638112611
2339197832098932001
2339199226872849520
2339199718940130688
2339199896291948154
2339200090622425629
2339245705414903765
2339269362891831973
2339338930037404838
2339399450446679842
2339400281564677232
2339479129648264592
2339009836345690176
2339030803142867667
2339049966666212176
2339100519253345698
2339137118750102502
2339315320332019616
2339370996018390550
2339369834961028980
2339371215910429997
2339374527934232381
2339376377471419861
2339376385985670493
2339376385322913560
2339376342650212940
2339376355342244763
2339376363739038549
2339376356885722542
2339376363428690822
2339077619000302520
2339203487899800754
2339217288693503204
2339330396682227359
2339648963164339197
2339315220676983179
2339110590465616596
2339272319329651698
2339642058282850952
2339642240290261344
2339644690510632057
2339654621414539324
2339212239146668499
2339308608709674221
2339313177413869467
2339357492173371170
2339368659382061635
2339453286738051481
2339455166818068628
2339201046242595482
2339201903055745468
2339506263262408554
2339353938614396313
2339426546286492449
2339429329333111819
2339680474743500172
2339686579058098351
2339407656466406836
2339407896464511330
2339408152627375349
2339337829265455484
2339379159484246831
2339397315066725374
2339667814984290189
2339071950995092893
2339038493224003306
2339075380609475543
2339075811825745547
2339076141724595353
2339215319384805932
2339518451792245085
2339149499345358180
2339034582690542938
2339304468629669048
2339304809198608683
2339305117102559265
2339305330307317083
2339195092001509591
2339041060473240671
2339140737000370974
2339141394029658148
2339228761499399307
2339232945888061061
2339298217143809485
2339299702883577220
2339299939853500045
2339300243646945651
2339272506749624362
2339010447673617726
2339031334242052249
2339047244713664821
2339147407329517198
2339161257120463611
2339213020278164420
2339331248136532620
2339353824002994344
2339350082354452309
2339057161736691916
2339397661811312081
2339679759103702211
2339076995113501366
2339044099146703978
2339323528368371820
2339323688708332454
2339323727849543739
2339323774557481025
2339324011510379481
2339324240368487327
2339324277362160356
2339324372723854031
2339324439312489334
2339324517746024924
2339001951843008390
2339136109029947154
2339685641203472054
2339026851228192820
2339279581230737669
2339668984910505841
2339655527117932826
2339079952660918240
2339087863109715176
2339134335452913203
2339278273547415626
2339003315713386246
2339003647180819284
2339063967387671715
2339218081393237063
2339239469095725382
2339272965990353742
2339303879730487689
2339382632787471327
2339262634045444194
2339532259232479677
2339095303109258605
2339451804772687951
2339060093278329692
2339102079945952473
2339657231389568805
2339657892277629035
2339658473356454392
2339659570091438176
2339660317684344356
2339662189157517958
2339691767498340732
2339692072634032300
2339692882218546671
2339035038770690384
2339035643027327817
2339315083808398000
2339202306095900898
2339395525979499866
2339517195841595850
2339517246517208523
2339517295682858851
2339517353085936450
2339517412334800650
2339517476675437983
2339517530245044849
2339517593050534799
2339517696775720415
2339517860034675587
2339257830769349811
2339271699940030893
2339077245824728426
2339107259441062597
2339109167295821050
2339111480288652276
2339239534761570634
2339461985162002511
2339371449482836890
2339371668626972867
2339371697508728544
2339371726617202738
2339269472564308600
2339017866056529624
2339018902284429394
2339143616071298354
2339278969088475339
2339428390992321573
2339430158262322763
2339440394050037592
2339104518582999767
2339092424019912281
2339107370933791735
2339329444843488977
2339494063130181725
2339089552710141634
2339333963065261064
2339289455309332329
2339290728548975195
2339656541625718057
2339691538462137138
2339199437669473204
2339119952749164775
2339123402220357050
2339163732600812082
2339189185206040556
2339684475658981488
2339055347446483168
2339269760115952167
2339309217107990446
2339628487504505866
2339386250106385971
2338998203956648261
2338998482634725176
2338998757646730095
2338999215413144136
2339570697344303517
2338992903313363092
2339010313506252543
2339122551554831517
2339646447185869582
2339418548142944452
2339419512136733910
2339427807689813064
2339180738472894502
2339283826076617698
2339298499027195303
2339165433298877485
2339677454410721951
2339062351004640339
2339436016112146884
2339444732731408752
2339365708998499636
2339001395426134429
2339140617480500637
2339646593894885135
2339437190162981337
2339256993603459836
2339257030496502342
2339257072364201874
2339258647778231590
2339258694108576043
2339258733501411279
2339372855764346243
2339121135247871571
2339121369382263924
2339121637188629519
2339121975626931856
2339351792448182391
2339285256517722079
2339307257453625857
2339375795610656397
2339408129919788753
2339408539124400870
2339408957472738245
2339703603916495735
2339170472871562810
2339210347917690639
2339210468898218371
2339225848899201382
2339225992193454158
2339108251737740654
2339074800285947185
2339180723432308701
2339181075737043151
2339110436234275956
2339119981438235084
2339125584256587580
2339321317979257604
2339413590989565646
2339427124674586416
2339022366284048537
2339354467801955803
2339190529974994403
2339315711872016699
2339334188922344649
2339334406430601356
2339334522151606543
2339306934058196977
2339474908383786388
2339605988327649035
2339606233107210733
2339606429585265121
2339017779333678591
2339020439084537466
2339021899775983422
2339064170768542869
2339365796045787441
2339077139517032025
2339221993555306657
2339680873095784738
2339305353434694611
2339170489163261583
2339427092275890297
2339238735882698390
2339290367379022033
2338997314351615211
2339106596069875148
2339117978002297939
2339222958520508953
2339703089072492176
2339048749755698570
2339518464215404287
2339712197180477124
2339712369222406829
2339712446498114982
2339712648504276566
2339713003417924614
2339713122687123018
2339153025650100302
2339153302289424028
2339153745820404173
2339154335355020584
2339656733960423755
2339254840792571754
2339345644689106899
2339020301151974865
2339188362945237881
2339217984370177663
2339233905235085144
2339235421668850162
2339237876460708628
2339375389049411635
2339378043012122698
2339336717432844293
2339341833938456666
2339643949043160236
2339371235363743142
2339438000177300072
2339312547335686589
2339221566799243652
2339014728674017911
2339029680856094883
2339065719935031585
2339073522070255575
2339095829123910368
2339096714314942228
2339107137445595301
2339131796245401692
2339132156309418259
2339140813587793138
2339174196221284641
2339207816000312717
2339208574137534796
2339224494516120074
2339225476620768795
2339270764324548825
2339276772144941229
2339277202463680050
2339284525492049946
2339284640122487079
2339284696644736723
2339284772167440708
2339313362028206450
2339313828820879431
2339314246472777984
2339314576237332670
2339364002108737581
2339364907331840629
2339365520455117711
2339366677353270412
2339658860706680263
2339659596706486197
2339659987959644082
2339660189604999908
2339016410432653518
2339092250931750835
2339448706197409617
2339193462438927247
2339235050372458559
2339377809800446221
2339384382451901271
2339113860143590233
2339307893528944806
2339027702595512760
2339078671593155680
2339078764396353137
2339078842855012294
2339078918285516918
2339079130869606749
2339079233319702604
2339079409312467768
2339079815908470826
2339079937191040491
2339056144056049632
2339136806637064835
2339141973432538187
2339341072922180589
2339290288389906579
2339290347252992730
2339290420711915854
2339327737660991045
2339328622516685071
2339329222696370546
2339329686678644940
2339332873233906396
2339700681585595998
2339338755352448993
2339120179081669186
2339195626616478381
2339488669324123549
2339240102233995567
2339051135593456791
2339320852880133421
2339324309666199027
2339445750588807717
2339104442632552951
2339358415826198232
2339061542225721239
2339274460321025249
2339325944261952840
2339669141350714591
2339717537704953955
2339219299411418934
2339365371341206461
2339380915011574333
2339304779728978424
2339552204446543274
2339418511610221021
2339323076338110927
2339093876415809979
2339095495190694501
2339261137441184549
2339262596018639683
2339292230798108323
2339198871540181748
2339300913276806792
2339301500848580762
2339302146444188447
2339302955986897724
2339303559127743693
2339304070857959344
2339305127361168083
2339329339425676362
2339329796084604249
2339330383002197463
2339039577585244047
2339052475305067330
2339099811540434403
2339119049814663665
2339131256262785592
2339132808700464834
2339133012375860614
2339268892549778364
2339268955405576176
2339269134418547963
2339269299422429787
2339269435494032879
2339269782237121613
2339272574125252812
2339301139038600759
2339303748306525872
2339320594057559111
2339333198461199120
2339333369060387019
2339337986896649553
2339402991730094470
2339297566977842320
2339429635963998187
2339004501232625194
2339004732036684608
2339005361568212148
2339005447274715481
2339025569783563933
2339026556996983490
2339437452390951942
2339440741153220081
2339573487739109919
2339361180014326379
2339519358081392630
2339467267787375112
2339293862952154218
2339506768868189781
2339509627739332936
2339053021186299631
2339120901869436582
2339487732029877507
2339572094291176669
2339301010299158104
2339301314361024662
2339308866280824336
2339700633182337872
2339701101459447945
2339701192073302928
2339119498052093133
2339183202298862519
2339183427314974732
2339183848414558227
2339187395655083581
2339373605881784459
2339288697333436212
2339475920006316356
2339694396000960607
2339145974403146106
2339146009132022017
2339371243232053859
2339371412958755426
2339096771896476974
2339096838686386683
2339096932664138364
2339097005502340299
2339097084892120036
2339097164743414002
2339097251045411963
2339097418062428184
2339097540536169611
2339099130244482894
2339099205104553361
2339099290919926119
2339099364253197638
2339099525054422995
2339099613126371360
2339217495273265508
2339218621460728303
2339219637329701423
2339220224146210043
2339220421446427115
2339220720265339530
2339220931993768682
2339221110452969178
2339221353705770522
2339221633616862674
2339221838215231188
2339222042486156247
2339222284640064024
2339222448905771195
2339262470258271881
2339263122061616208
2339263796815941463
2339264052366632827
2339339621997367269
2339339980811622868
2339340562779723649
2339381937128634191
2339382236509827990
2339382375928335711
2339382789780416720
2339382917782154060
2339677543588069464
2339683123153163386
2339722959645629510
2339723004247848686
2339723047113640600
2339723078923330248
2339244392757289626
2339323382800847266
2339324369242457513
2339043740474597462
2339047087873169037
2339047411706984807
2339047629206762263
2339048008522914101
2339147371190195788
2339254675915104778
2339318391998010887
2339348418735214141
2339405960651841293
2339617257960068670
2339619761154295103
2339706836381618659
2339157736883633238
2339152992213030885
2339154134103930083
2339170795940767240
2339171028154326783
2339171231787822875
2339083410420800837
2339091341044481907
2339092832379539546
2339043334818715856
2339044087268418943
2339044508854859935
2339357175579058914
2339357283305505911
2339357406995640713
2339308888276196448
2339312090509892465
2339112301657252779
2339152809347713705
2339421882086231228
2339433606558363847
2339456035892634827
2339460868116636227
2339475055190476973
2339088735122845187
2339410722621829451
2339021203012196152
2339021451910466374
2339135260851684962
2339071824929186116
2339368050895272710
2339335030306586822
2339364663911718881
2339077742295213996
2339256141286297903
2339256323897945173
2339256383205368678
2339256442378654581
2339256498490151437
2339715392626601962
2339715454962340534
2339715587225452848
2339715705622408384
2339715651549275993
2339715516971005390
2339727004808961860
2339565072036108909
2339567945226509203
2339568242023921593
2339070462234869648
2339070624252299321
2339070820839412724
2339220957695874659
2339304729103568888
2339318011600567181
2339318071604276553
2339318136104236631
2339318199077491913
2339318234443686592
2339318267134272833
2339318298725833949
2339318450198780827
2339318586169732843
2339318652666172148
2339318799332627121
2339319102664808970
2339319133006413500
2339319166132870823
2339319199452504183
2339319341261906707
2339321241264959577
2339329686613380141
2339329801520590590
2339329890607600922
2339350147032356620
2339350480043143811
2339350771480180331
2339350958630154705
2339350992947937726
2339351022442123617
2339351055183083685
2339361708941682461
2339361777132751623
2339361829141921613
2339362010109398717
2339362170784731707
2339362382454600348
2339362438289171430
2339362471097063300
2339362535605296009
2339362972358404089
2339363106475247230
2339363133369136801
2339363329746500457
2339402385796755733
2339402492457803913
2339402763267291131
2339402903474598860
2339402932532553133
2339402987947728995
2339403058630348608
2339404480331568874
2339426260135832834
2339436234870276906
2339436347680311722
2339436606309415506
2339476064282983866
2339476216653602126
2339476682548637659
2339590883950665995
2339591103824389900
2339591389380936555
2339591567680874062
2339591767094804003
2339592453601704070
2339651946331228243
2339660402467508696
2339038001165003753
2339139093967216224
2339207558916905476
2339211965880563524
2339296434121407556
2339048998989687750
2339049938337522155
2339051021080460861
2339118693583419843
2339119498302537959
2339120885224488976
2339121431222180913
2339121666614917663
2339122161140349669
2339122766923506927
2339122816785412873
2339123077000057130
2339123211444247252
2339123369787663323
2339124839010429520
2339124904785348573
2339124959286349234
2339125001128549240
2339332440037834383
2339333146962594285
2339366534897610132
2339227093560707196
2339298641381870756
2339359398994094493
2339662744447599719
2339203535018407033
2339636095208046819
2339123608436952700
2339416750348410711
2339435467379639662
2339077853444134628
2339447919226420023
2339057112462017570
2339156015399593699
2339480992856945630
2339461774943494369
2339464088680940462
2339014017892682275
2339165163848315836
2339533209752326521
2339313456637197231
2339190873016868647
2339194905731167160
2339203195085154122
2339394375278384520
2339451523307787197
2339134030718770496
2339177310768729101
2339199547106385660
2339202106411744113
2339202307075781184
2339207501947732963
2339314781632497827
2339732648614026490
2339204540442979558
2339208923104757518
2339360135875865258
2339634027701895333
2339369405909360257
2339369525329785293
2339274981505410095
2339276901339011925
2339295187748053726
2339074353674999882
2339343639651963175
2339553269867493561
2339157844493322036
2339154090407662650
2339154388270355800
2339086032513026805
2339086075806719186
2339086123411974450
2339086180622442380
2339086223253217072
2339086268493089430
2339100746459788228
2339204010098394340
2339251344622686634
2339347774808850376
2339347959333108986
2339054938409151769
2339668905250832673
2339030546224778551
2339065947643953814
2339110217567747547
2339187171948203479
2339188186449470062
2339188894011976558
2339189029051806454
2339192816365621281
2339193550494534108
2339237039320173302
2339319507633096283
2339432684282787638
2339460803593080189
2339717146853783896
2339730497952654206
2339117893764430832
2339211330988022149
2339110843767407095
2339156260295098800
2339317047580066184
2339321082785781590
2339303450579253558
2339043519670659474
2339721545695397186
2339399855565559311
2339099467532072886
2339347751337126018
2339375738727216803
2339478662610468333
2339675298787851129
2339321865025008202
2339359514196511537
2339393930775157766
2339097762069784045
2339103946864702450
2339466390120697699
2339110275793609279
2339126679271986212
2339243808801545713
2339440676469779875
2339590864178706171
2339656715431049643
2339678317698705601
2339055257679617754
2339690058115818316
2339129390033350663
2339255997071052765
2339041014739580418
2339183402123924212
2339322151562448982
2339044482437327295
2339687006340375526
2339318283381191703
2339318228066701127
2339318298639898851
2339160801904812091
2339180382039908420
2339657332437026484
2339126184620895624
2339080338009251617
2339101786606153704
2339266274005478451
2339400514323392810
2339667571438873599
2339667609212906951
2339667642029048878
2339667694952850190
2339370659383880934
2339360684810576293
2339668142534216946
2339227812478618962
2339309832361799565
2339358265583962503
2339250892871926666
2339285006798935538
2339316686410564601
2339065898882839472
2339742642760682182
2339435699064140204
2339538523794022154
2339168640178815331
2339243832339433755
2339679869280315367
2339193569469750233
2339302802852867536
2339341765192133419
2339345287151469727
2339189765024630268
2339246410375266867
2339337171892463775
2339339748696904392
2339367431539461219
2339733119500116200
2339745442415649422
2339037904116863971
2339732489199015824
2339303981853129378
2339152340659869420
2339153762688255067
2339152521191062825
2339155534462955406
2339154337224047704
2339156259943368314
2339156069303867480
2339325040406815332
2339392961262801535
2339394783562164736
2339395046905640788
2339395680849601430
2339397197677471415
2339619870592600736
2339620604117528683
2339359294589652244
2339726366435779335
2339459464727695331
2339174054757297067
2339453496679307200
2339251006729402823
2339340626104307417
2339674323370150329
2339363427062212260
2339490466163550590
2339135026145064734
2339124558798531308
2339718614574466718
2339172004338608843
2339266713333623283
2339283761794666815
2339626901966205310
2339629035206081518
2339168160694766218
2339193045928779631
2339197189993523859
2339281463482832664
2339281744618622668
2339282545739166784
2339677446851201583
2339694641350001210
2339696836212649310
2339733667301847562
2339734619769567702
2339742087048529065
2339044326619179068
2339044507225692696
2339044620094511911
2339044723308089546
2339128909431586837
2339707589450907857
2339129962430636798
2339027954161758479
2339139496173761668
2339139547453374154
2339139606215496635
2339139657922804219
2339139790177715144
2339155401511278186
2339208993844938653
2339210628373589089
2339326000573507987
2339326188184816954
2339175125242665146
2339637540019913414
2339083646618496403
2339027842158629519
2339132634377845427
2339135219067297845
2339341995092143984
2339343221716326248
2339343549090138558
2339346469365765205
2339349549452896493
2339354754810806711
2339355671484418579
2339378912668088580
2339500548792555252
2339502510602746662
2339503663902105772
2339505951987233618
2339506658517793267
2339740001859691599
2339723413320811329
2339205446832579635
2339207268100168883
2339382502529138430
2339204155842190180
2339204368854017991
2339204463334786322
2339158609459812615
2339078150100439438
2339078506951771837
2339078869188843115
2339079165625469716
2339079358798161622
2339080660039151695
2339081819445397923
2339082404089555959
2339082728921626915
2339083134166776502
2339083464635851290
2339083788813817668
2339366970712885711
2339367313873876750
2339367557806178688
2339390697664589306
2339450441339011736
2339064740482767296
2339088780295427450
2339122810588094592
2339123871310721303
2339106035081817258
2339146035530030321
2339217321123857073
2339254938628262636
2339255126281630143
2339255561147071776
2339273325089854482
2339366320451501697
2339366556037257063
2339381890697688723
2339382249814176309
2339398822582976399
2339400669938903775
2339400890752263128
2339445637508273401
2339446043617535234
2339498189318803061
2339277408674575679
2339281547907325351
2339371814446597949
2339742864690856175
2339303863391606810
2339082533055365698
2339329115382616464
2339463415428081772
2339372279048129809
2339408547607453278
2339411953557797431
2339434306588656715
2339041946820990644
2339637942135356937
2339205951708453002
2339207841896993948
2339302507296341539
2339088300180166392
2339088708831231449
2339214812602581309
2339216709241722310
2339303373452545986
2339336689245476585
2339748619760004377
2339047953627674885
2339438992180438765
2339142042553133732
2339145358863310683
2339147038665231673
2339147910627681593
2339257248826451594
2339441834281781569
2339741243783655025
2339120591575219662
2339132249078888487
2339133412059491813
2339086465836036844
2339090410151327270
2339713596291785183
2339654165310438171
2339359620781696534
2339665242374951104
2339101269253458812
2339378440991592852
2339063321884758778
2339723596133756100
2339264014986276606
2339264432000843111
2339266507527118797
2339270332304528979
2339271299712192189
2339273146086889215
2339350285226307400
2339473739371280411
2339239093028230036
2339278430818048618
2339330363742418623
2339609742137469618
2339616702643783386
2339392361265637754
2339392392555285272
2339392421269551446
2339743478189225969
2339743518773406490
2339303758390144364
2339674451180204279
2339174338986678852
2339200850521264104
2339263111633942158
2339691916445924953
2339692129348827849
2339065257557094233
2339073434763824321
2339172823511454537
2339255004564917293
2339349922092278041
2339351880278539199
2339079092911042867
2339079005216474098
2339257457953642437
2339257569840939770
2339346071022921584
2339704924457580868
2339319666781207186
2339732407652200596
2339234294014124830
2339127019512484272
2339331018706554812
2339095384839002485
2339399952655303420
2339101052123416019
2339291315844182756
2339295243080112014
2339422985087953231
2339729038937942113
2339729667739612099
2339730760867295734
2339731786877895788
2339732405764373850
2339733132242853668
2339189817471883773
2339304160364900608
2339199743391054540
2339200190008973295
2339480504549797261
2339078438047828683
2339141296404149762
2339167647730938446
2339240530734462929
2339391659241770372
2339038341397474241
2339070758217874810
2339258542492814244
2339318478358829328
2339384297944231755
2339438371339145228
2339487145172307865
2339503172765475544
2339580544647904406
2339142320416774936
2339142572049922224
2339142572033003823
2339142572880381368
2339062144828870545
2339399068756154843
2339324013322424603
2339214299572024610
2339154264746607372
2339167026243585949
2339186971140501078
2339357781637491433
2339739166294449806
2339760599490046764
2339761408940203207
2339762051474169858
2339762326226307290
2339762634121707185
2339155482999926852
2339155524045496364
2339155553799725526
2339155577396817010
2339379483127462366
2339379665663495397
2339379777022409580
2339204437279931402
2339207160767335444
2339218554006921626
2339498794642454193
2339430978734494081
2339668966690328874
2339177396366182662
2339177437663275771
2339273887537619822
2339577244458254472
2339745706069596554
2339343358265498852
2339591278423425798
2339591682603127056
2339507990551811030
2339513571945503208
2339317148270496448
2339093820398285034
2339212663232750193
2339152412022207690
2339698223102703277
2339735259520109712
2339300869562870638
2339255854875206388
2339256663939488684
2339154007645112456
2339409313325717048
2339443570211409812
2339377763160845721
2339101110197674696
2339057837177949622
2339120543432038708
2339121523867385455
2339156374129675461
2339156844495635626
2339189826262420310
2339198891839614667
2339237876838245318
2339298382441764318
2339345179960899567
2339348229840631625
2339388727238281128
2339724207486118484
2339272427836823704
2339359823727190209
2339606440439014414
2339665384813413446
2339670480725173894
2339339372704636272
2339085074300829209
2339743358064522681
2339063132544286781
2339155472369805596
2339156422983565660
2339422624368686338
2339458179802515947
2339706039152151345
2339202273606292314
2339673998269835179
2339296699299755163
2339299221292866416
2339443387675091712
2339238893697994595
2339300963617558935
2339671608640613790
2339739398659086376
2339048110067532618
2339068382656895075
2339070260144815433
2339070524218338676
2339388255656392464
2339439378970960951
2339443536071352630
2339736116398947773
2339352958189635739
2339353085595717917
2339353272535974903
2339454265025463368
2339475600670318634
2339476119270777106
2339478006950806522
2339497021391808357
2339251056533576484
2339291792075592010
2339296910333408665
2339297119922598902
2339204300108740123
2339487979520047326
2339124781423944974
2339156416198383506
2339411906126917848
2339129745465970779
2339198426111949417
2339254074493352370
2339753011692072778
2339759783622246668
2339629115710937418
2339701913569577160
2339703611791863170
2339350063020378406
2339088335571841527
2339288777920850039
2339304152032931912
2339358526042139578
2339447743535405813
2339448372790040815
2339291708623203785
2339311788157425115
2339316861159771947
2339303928039998524
2339356488668978059
2339174150857081016
2339181936332660163
2339272285700945048
2339320314456026364
2339330954332354637
2339347818051622090
2339726086155772314
2339726123350715876
2339726155999085936
2339726193185785550
2339726223720338159
2339726260328272791
2339726281224263736
2339266483451134638
2339420428215532557
2339170061653542386
2339170305719945729
2339237931690189301
2339353474439009196
2339354342785676781
2339355341239785917
2339356269925849265
2339357087009765666
2339357857822136532
2339358709299430360
2339359435585207278
2339360264991808845
2339361185700428012
2339362092810932862
2339362661130681977
2339362759529097604
2339365754001987646
2339366813642539850
2339367840802409965
2339368716380189258
2339369533028059774
2339370405074083006
2339371163689501393
2339378466182529024
2339632480826280051
2339643233117563322
2339351759356763098
2339707802389720865
2339744112798081014
2339120515397970561
2339127902246723037
2339251014841780741
2339723926559855780
2339104271578080992
2339118259984557199
2339177140672759427
2339181722547224436
2339182553078044856
2339185503049394410
2339278318685341143
2339314870174071028
2339357566519278500
2339385160509882993
2339678072388920686
2339708989903767945
2339125405811872927
2339068344891363441
2339218332447989922
2339062581875382867
2339062984780043741
2339063182390625095
2339063423437269853
2339069494567537967
2339071051065260428
2339072095354708956
2339072241710836267
2339091726433982288
2339100741553386357
2339103740394564782
2339135783837079919
2339287442489872084
2339375395775927936
2339415814824076511
2339171714326664963
2339391191107064171
2339187012604755710
2339264822203499510
2339282559363751954
2339280958246892877
2339283898135321354
2339162911320986014
2339349159490322328
2339582180088862811
2339582454832321853
2339583236063367638
2339583594265449913
2339663125072523624
2339699317243514047
2339715328302745075
2339079643012662576
2339079946630018013
2339326395863025501
2339332359358034845
2339287486864643668
2339769613376877740
2339241032255590420
2339244956303965182
2339245134612040778
2339184768133109383
2339745670301702499
2339746037353603340
2339752992012318530
2339737632564394314
2339744962328859029
2339747721081785738
2339761637002508682
2339662153991407327
2339662401363225063
2339678352468888152
2339374339761040530
2339204833641018145
2339204946040127629
2339205004785559183
2339205064956842171
2339322711367317058
2339687221819291047
2339687448907116499
2339687547053887847
2339687801035872623
2339687833684194684
2339687848632883760
2339687848582522318
2339767231498306065
2339768038809414906
2339779938578500465
2339299877518655423
2339296207937896490
2339304898460274001
2339702481929796009
2339711176621215485
2339103614775472399
2339113440125401496
2339207287291599371
2339208128702572824
2339245627869191991
2339333069108345336
2339343078588309050
2339345907134550112
2339762447122305384
2339764200702209215
2339768048380457073
2339234203902960059
2339656455283924967
2339674334528133204
2339186365299028565
2339200663547154678
2339746874151242771
2339143433830360588
2339220465995814900
2339747011001264582
2339230481241149222
2339346346397256141
2339347890840674205
2339398918004513855
2339074432880226825
2339113389466715884
2339303145710146392
2339750394757849396
2339203682959089934
2339282409677044396
2339067867982322032
2339408140062951912
2339605824162172352
2339214856861558382
2339214905851195582
2339252481052077490
2339343384043298771
2339345128261239440
2339087388162261828
2339245117262730121
2339316265031781647
2339242365256252711
2339301847893785258
2339119218693576932
2339145593862356733
2339305281132376048
2339422048038951363
2339423677811364672
2339458972829339023
2339474160697712528
2339509278145475849
2339719939689292579
2339733863369285107
2339206263830967112
2339351671852945258
2339351951554284917
2339352102196877873
2339781144876196438
2339233599831078817
2339267360127897156
2339077437520063489
2339759263529812170
2339327109178927657
2339173118597573739
2339719687537402725
2339085489929366940
2339085533541780564
2339085589392967035
2339085627015953060
2339085666215800727
2339085712319664005
2339085761141507070
2339085813645676177
2339085858533147442
2339085898102183069
2339086045632727440
2339086081418414043
2339086117271418461
2339086160749622538
2339709013016826667
2339159294689944139
2339230526814895527
