2339025828924500520
2339042180846447121
2338512058084823909
2339106268647428998
2338520193388643751
2338519649563559866
2338519938702028919
2338520515267891183
2338660398426848680
2338398026843987561
2338695813259177356
2339074348910185409
2339064194449822126
2338729544969466935
2338624514203861326
2338929856179634559
2338506903116947735
2338511336613695842
2338527272922165770
2338546407689216806
2338561395246132936
2338571095865890765
2338471378635959995
2338575301291937891
2338592142789906436
2338896937091956332
2339106765731006032
2338493034415992083
2338664510867886917
2338674452030869379
2339115440289541794
2338928949058551697
2339075261749952275
2339112321681870087
2339090631215683730
2338528544191543344
2339116346048229912
2339117119435823278
2339117433043960633
2338960603597425019
2339049273255395425
2338582820690482094
2338598424474433081
2338598804872595781
2339102864700694387
2339113086221511168
2338986588988349686
2339029333509022692
2339079680157340245
2338418125346642339
2338418468558003621
2338451649738970866
2338451777002503051
2339007703837228514
2339009536345342064
2339014287183309863
2339014809826966270
2338655766675540034
2339016667325468983
2339017652936433632
2339019190895423888
2338574588663792141
2339105798709703816
2339119492164404584
2339114955126382833
2339115064169965972
2338456346451964274
2338465881698772094
2338466022191143373
2338466136376790784
2339114853128869131
2339110999604131353
2338471499492363976
2338478686457536509
2338625168958367563
2338627023042246336
2338670039874369341
2339066500864630748
2338720163785902062
2339040124766325067
2339040932379600147
2339041504768024288
2338990394422112072
2339067527278587089
2338471179758761677
2338548439526378664
2339046517135961298
2338712611942019533
2339031957591489513
2338581927094103309
2338702991249814682
2338721201944695392
2338721531793165587
2338721958815275557
2338962728096227975
2338967194576900821
2338970224600950091
2338421164009177381
2338704045931681358
2338949180787442633
2338960529827405126
2338965771407133232
2339122021453409641
2338576679440286611
2338664472884092857
2338653522169808778
2339066597570035408
2338509771148934292
2339006984873834601
2339107892529038646
2339117494926729545
2338496040935906889
2338521399572094854
2339049544956053979
2339064325154997858
2339077465045456229
2338402095916803125
2338402188032048282
2338402274745093410
2338402373269226695
2338402478168956856
2338427004722126600
2338427079380955844
2338427155020849136
2338427242472264735
2338427316417756781
2338441581807691533
2338441661105205421
2338441729807966825
2338441802184714519
2338441898586730989
2338459067450105822
2338459143903645805
2338459215559325985
2338459281502226856
2338460625726217322
2338460701123123307
2338460761504230906
2338460822120198553
2338460889992469497
2338461974933097832
2338462047914116965
2338462119426986288
2338462183541160386
2338462252722003396
2338478573597524693
2338478646310030222
2338478707983105618
2338478773565332231
2338478840439172525
2338480671076908506
2338480734477789968
2338480811535534508
2338480877151299247
2338482590885098062
2339092705518686726
2339120991812639723
2339107789922019610
2338594410633563096
2338558070218665300
2338580632244747295
2339061682961443273
2339113356333256679
2339066415200294557
2339066837533115693
2339067060602998143
2338632681032287021
2338652593498921823
2338657227793873441
2338666475261019477
2338674850405354458
2338679094445591288
2338693913877682726
2338982876819661067
2338407184597371692
2338407251370595886
2338535451612157800
2338535704226782637
2338940940624004097
2338942312631098018
2338564859144372309
2338919309146867439
2338495860041963251
2338585683522214118
2338588428350056719
2338651770928169100
2339101607633079553
2339090338244052219
2339107270246696567
2339069114839433164
2338428052851356169
2338435344866794118
2338455450229609538
2338613397643462884
2338613649293412220
2338619756678000493
2338545381442737394
2338596333637988745
2339025798775970456
2339103824390124994
2339113301193331710
2339033782576494626
2339075901206936999
2338584626673331716
2338592523012647447
2338592780769333114
2338617981775358939
2339078434792109778
2338602912514953666
2339090045189173645
2339090458487551701
2339018804371215874
2338489103454065321
2338934457236630869
2339109176195862202
2338481743560408102
2338482353294636765
2338502683950058504
2338506608577242383
2338879055499370777
2338879197778575260
2338879246986167269
2338468228604460462
2339112446687613938
2339030630169799334
2338554164524910535
2338987748813496292
2339110469979594999
2338418352123065533
2338433990250191608
2338669646851091071
2338675083424295680
2338675880157341715
2338685452037187731
2339092388461363492
2339097810186534247
2339097950963904235
2339098046719987442
2339098174352773571
2339098301624719710
2338652608381936092
2339103770510428527
2338658619456683409
2338932645299140712
2338555635878910598
2338555879131827928
2338556403855936286
2338559493741066186
2338654607561924774
2339104201517076496
2339104415007123902
2339104626794492606
2338849970567049086
2339125287038990931
2338464080381009744
2338466448132628019
2338468190908036498
2338633686181509872
2339086505850402057
2339086611529955890
2338477959375325205
2338925265455365497
2339124069232173331
2339113319079921149
2338619012290596172
2338622032751367555
2338625988634578502
2338628125540158733
2338631517658294889
2338631593558481325
2338632275938175173
2338633326468719431
2338646051802372444
2338652350833349178
2338652786479047910
2338653331813951863
2338659634795805135
2338683848169057350
2338684027165045656
2338685067713190686
2338695683672693411
2338696981516177572
2338708889665418625
2338711482240248116
2339019896744941732
2339083824111815143
2339088839761263187
2339119353357493211
2339129164631430804
2338785965847854021
2339091312302795211
2339118509931531161
2339117615506496053
2339126533274651423
2339069706344724378
2338471423232161933
2338483446514957519
2338549797082327138
2338664137550563421
2338674427856037952
2338839276787593110
2338863567386046936
2339041914602783700
2338415017064149893
2338550404432619745
2338550667650437280
2338550875050383970
2338728005558192127
2339073248300115586
2338822869215024858
2338822951867945278
2338823530337824360
2338554886248353769
2338713022909149650
2338731357747280956
2338755677898857657
2338831420385137013
2338832515626976631
2338834143663069268
2338854318810417864
2338854856830657247
2338430690333400373
2339101106374861374
2339120365600940443
2338409740295953253
2338410564023732853
2338411290116448346
2338533472247044821
2338572970100094436
2338617017271394625
2338638700296356015
2338644264384608882
2338658501328886583
2339079268453011722
2339080756155673594
2338455958814038088
2338463307008236215
2338465641759020592
2339114020172205080
2339091990137720031
2339101288833696530
2339097903838273298
2338607896369131220
2338664522736400819
2339115173815570434
2339107809314871054
2339107845780204494
2339107926940047129
2339107987186900107
2339108030103039978
2339108079159482399
2339108115037576395
2339107617334654232
2339108667655563843
2339111203624026910
2339111595640572763
2338435818472794886
2338436136451437167
2338436287932759685
2338437855134420434
2338440844456761439
2338441952868797140
2338442330792358717
2338445405645126673
2338917754563640913
2338918114359293795
2338918319955761390
2338918603104803593
2338918864376357829
2338919177783108608
2338920460401307460
2338538550607296162
2338538751783031336
2338538681595521462
2338538781579264612
2338538589496967771
2338538716441765484
2338538622808182297
2338538813044904064
2338538653032180235
2338538846163141798
2339014679970381994
2339015104526088375
2338545492912582697
2338502981778308465
2339020678537629135
2339118184034327963
2339063922717551911
2338496651658693534
2338552131655528232
2338516751528309542
2339094358843815197
2339133122844738182
2338461968808810386
2338532884909737142
2338648882068951002
2338665976735026322
2338671760034361423
2339094483466717422
2339088130000762345
2338668607216958593
2338513291956776272
2338594667167169273
2338674202118080975
2339079296302973232
2339087796546575961
2339109441957214996
2338570080885232580
2338948846853699277
2339014739486997050
2339039912609046084
2339044857106283733
2339098633468938794
2339099855286653053
2338641500035723790
2338719003743922188
2339074379924374884
2339106773784305117
2339110318566766618
2339120546083335575
2339102225330579245
2339104756928442788
2338510185026752801
2338510401175833117
2339079676685091191
2338465830362108346
2338502249168093870
2338502643046685658
2338665349526792770
2338538120626449255
2338441973504317147
2338516228647631781
2339027450903933398
2339030313801618038
2339047877961568382
2339109021736566650
2339108688157297594
2338968195935120909
2338546664656108626
2338546879219960474
2339109007719095210
2339105073479841110
2339105102261159996
2339105126974097103
2339105154321040722
2339117698695583689
2339123161919295899
2339130798035550470
2339097533245817264
2338429736387469783
2338429811918469961
2338447524908961889
2338621613967630972
2338688788682020587
2338748385765641913
2338748348025359274
2339035122756874459
2339119255243866861
2338457328472371781
2338458563040727942
2339096733340150706
2338687249230877836
2338708131513049077
2338535414008532879
2339091974667157724
2338565922937485250
2339086881878170501
2339105745028772374
2338534502996332997
2338991534634262359
2339003331332366270
2338500997486502750
2338922197926005047
2339061471124060023
2339080434553872507
2339131182310352409
2339134481986022318
2338705371735876496
2339027133202163632
2339032752361541656
2339058895173103581
2339063035815257595
2339073733899218460
2338589235233481740
2339047548441122618
2339048833415415969
2339049473457962457
2339054656602549850
2338501379544728345
2338502798746299441
2338501846924457239
2338503536675237407
2338569374707094418
2338570113483357531
2339069938255638902
2339070246394273825
2339070733755702673
2339071004204485195
2339104482484781118
2339104655726169981
2339105208292087331
2339086646904296892
2338564804737063234
2338922656237595683
2338650295062945619
2338651286722150680
2338655518464515650
2339074461142449296
2339088597329894250
2338536797650171480
2338536836632021893
2338536867527232990
2338536895931189216
2338536923194119073
2338536959583945554
2338536992458807728
2338537026952804726
2338537057520799575
2338537084305750931
2338417892586715547
2338508194903319707
2338535611014987502
2338535656967737689
2338535696914276684
2338536018919480968
2338535750777626520
2338535798072457694
2338535844847400769
2338535892142496257
2338535938925764372
2338535977957763956
2338417908314829391
2338625980733437574
2338675789729250067
2338684262147920528
2338684294620140943
2338684322722035830
2338684357014549927
2338684437713056574
2339135035868492073
2338629236803746682
2339054247439962495
2339068889771917014
2338740140612397340
2339073474081108593
2339099973156944438
2338645423234903243
2339089149132412991
2338462420543763350
2339096542927706472
2339096636896887914
2339114530561257035
2339114571589988619
2339114646047281367
2339114707435057699
2339114984636677802
2339116222459482209
2339080834119446901
2338649413184038785
2339068638207070451
2338712288317673030
2338554862936920984
2338639355788231584
2338518007200618996
2338662503548886831
2339091168985314850
2339117058905453193
2339117512251015784
2339118005694012190
2339130397371073854
2339138432565107405
2338634384934789767
2338634491587534932
2339112662636216275
2338734199941864471
2338738887235870568
2338738932534465600
2338738971323163411
2338739004516910734
2338739037492684899
2338739083386603528
2338739145017830994
2338739188185522572
2338740212015092389
2338961145703173022
2338963353400465792
2338967542998405745
2338972804803170283
2338972858011931535
2338972902815532817
2338972691405981559
2338972976920429168
2338973014241386882
2338972939566096562
2338972761811457236
2338973045665257339
2338977143340670798
2338977169387518822
2338977192774813865
2338977216699162470
2338977248022108685
2338977274672936867
2338977303194103457
2338977678483556549
2338651658891660965
2338663837387045973
2338425236259372068
2338425317863814343
2338425439012098725
2338425586592907114
2338425651394874454
2338425740993751997
2338425847805783632
2338425899462912636
2338426096268082792
2338426143797905631
2338426965772278609
2339065872952812140
2338589812528669216
2338906454705410972
2338921069548139186
2339113554355336838
2338469916376979261
2338970992049917625
2338513400144719928
2338501315557573608
2338713950907454574
2338976641198656662
2338734008671689769
2338909072950519210
2338909124045375090
2338909177841468408
2338909233390957215
2338909287195346741
2338910623467067165
2339100112641268426
2338581058169582081
2338600718734712470
2338622439340551064
2338905782309191289
2338571539204002053
2338664094053516051
2338664304062369167
2338664476808909127
2338677503377636125
2338677705274612217
2338677910736842638
2338678112499784532
2339106059291413751
2338448372593589382
2339077434600901301
2338594784431372639
2339115591444248844
2338484947698190677
2339119772226318274
2338532804361217238
2339018008762800076
2339062008965534336
2339062247629975658
2339064250670161572
2339064868449051756
2339066303110750147
2339066711988477144
2339067274234855006
2339068614105294394
2339040517587499859
2339076933734590504
2339077199460528935
2339025176929203588
2338915786227499575
2339085148255287398
2338461615917606900
2338630936479384236
2339081390552058330
2339034214731402790
2339038197952876345
2338970255277406732
2339000085209311030
2339063432739001217
2339050446788099140
2338949963488038303
2338555630836868399
2338555814924781204
2338562578357551427
2338605185775246987
2338642430590793796
2338668242077743712
2338580152785443626
2339048552859629035
2339098981689613769
2339094443938158940
2338492007307292633
2338962321459090631
2339080679164669679
2339092402839836774
2338623046555915214
2339019032222524649
2339138613801007154
2338957075071538577
2338977325263425655
2339051718015674324
2339118563770793623
2339092223608474719
2338440448926027337
2338440501036100977
2338440636780596437
2338440708511542401
2338440763599601364
2338464304827078620
2338557818688517958
2338586180362641271
2338978520256247657
2339053482551860571
2339075203501699099
2338575031121437455
2338572203077330685
2338610395361013880
2338643142657892940
2338708322905258379
2338709874948922709
2338717561891813276
2339132031059242415
2338632677064608466
2338932972630022543
2339100614246324188
2339101967882419283
2339119382548964860
2339129899741083938
2339130725087764750
2338625150779708747
2339108967187187908
2338991780362810793
2339017326727704984
2338528366478360829
2338653065962204588
2339108709179148177
2339119461403286191
2339023208845276884
2339067161099545236
2338968317014829599
2338980480144016103
2339046095936340585
2339091228326139728
2338538181157568799
2338633482732306060
2338989075724731138
2339087153836326884
2339106007551416398
2339107636384364315
2339135279540955850
2338510068045190400
2338576154161773855
2338604441177878945
2338606376429797941
2338642522807390588
2338642602960525011
2339141079030254443
2339141388829921281
2339141505255429042
2338711709522779894
2339106097319035002
2339108290612935175
2338650867962356302
2339110593998247366
2338624973715101646
2338625368415886091
2338635278658170696
2339011823784514309
2339085621741267343
2338995701649780171
2338510857816737888
2339053813120363917
2338604237076284947
2338960352376908816
2338618201472413665
2338618427973110315
2338619204942954045
2339153593816833713
2338651151387349843
2339086396855515381
2338469700452886272
2338642596190199496
2339037760217781418
2339076820646827924
2339077420658740713
2339119896191624888
2338672781984950219
2338928832877652027
2338929812700500570
2339039733622369361
2339139605285423826
2338483837976125808
2338676741105450855
2338442002001357512
2338535866934717768
2338665385037311145
2338568329469837290
2338606001678562767
2338606046893226876
2338606101603625516
2338606147372056462
2338606182075720592
2338606225511815695
2338606272874001652
2338606309909510783
2339055291486097699
2338533131239770474
2339066439543512658
2339068544287151637
2339024049005148408
2338692126767846431
2339087960392480466
2338985522864892573
2338985569279201976
2338985614032343511
2338985659012116005
2338985721280743505
2338985785965362951
2338985852159716412
2338985988642334046
2338986060801217488
2338986103398521776
2338453828327608180
2338607444552174418
2338961227568191338
2338918372593288024
2339079476565464001
2338488196421105489
2338494171584545567
2338522392296198002
2338559844553824241
2338560297588951238
2338560595988474494
2338560912507342900
2338561072595483782
2338561480323832836
2338561965328141234
2338562365263304042
2338562492686162725
2338562732566975145
2339114440460129041
2339114467731506102
2339114498819871983
2338568401815903416
2338577502767112699
2339045422784270790
2339058911447696333
2339026436295729232
2338471521479530446
2338469178664920066
2339082796565784221
2339045171562571995
2338557149015568543
2338555470237544273
2338556571787497213
2339108231487778716
2339060109063402661
2339094803551409120
2338517531147665233
2338518589446073614
2338520259550785309
2338521521231125893
2338603325627814615
2339154640447712651
2338689583755019224
2339127477346902658
2339141380751548290
2338505463295337893
2338506806269465963
2338625348751001658
2339135502131076884
2338624214929743345
