2341066697267769461
2341069902655528890
2341116265200137386
2341119063228714015
2341361995555010130
2341542074138371727
2341109668783785615
2341431932528418578
2340827055707727423
2341523841261681992
2341262156001303156
2341264299550639693
2341536024448779032
2341541809166958951
2341528020156048518
2341140948626616745
2341208350202590061
2341400389204667619
2341401819378472015
2341484507154094015
2341525861825590145
2341526016570363353
2341527950580613864
2341535281176786642
2340825588565908611
2341475649624803024
2341528811797471040
2341529161216363407
2341529428284620734
2341529594378975202
2341530001570287734
2341530225747550025
2341530798857205330
2341427619484186576
2341450472267111459
2341489622653459204
2341364102016118157
2341473894390800364
2341478107325919421
2341430718797978733
2341506961295999906
2341362800995425071
2341211763829498255
2341357079116447890
2341531235946694942
2341403333707585538
2341260775488222401
2341428905925605907
2341447693647607621
2341528838909230625
2341160970465757180
2341502018828228864
2341531547936455472
2341474134917638818
2341477492558402066
2341488700502054326
2341460869818729620
2341537996425412724
2341388261140084414
2341420173468494666
2341507466271324913
2341204488465205625
2340841083304620880
2340845220943498812
2340900331422059818
2340900471645983498
2340901958266783459
2340935136620782485
2340935039916837714
2340935316271184407
2340935214458518928
2340935129138020330
2340943196982358894
2341323139729882263
2341361530915812695
2341446695436597799
2341446700377413091
2341446701316936084
2341530976057987745
2340828433837257187
2340878423146300083
2341135066476031718
2341152295804415043
2341152313135074555
2341152317723666206
2341233851646465686
2341531070429844141
2340886188455460835
2341248476706278427
2341379607183281953
2341524509623959565
2341373217986463091
2340866317051231469
2341463809782417905
2341527821238658878
2341345065185606996
2341345181518951452
2341115514728092614
2341415355043725946
2341521766398554312
2341336834318313293
2341540664741986807
2341507911715683022
2341392615256535695
2341301829503498793
2341502021587653105
2341350054338612065
2341500085916668580
2341502021690187154
2341521350130230081
2341540978944557518
2341545313958891854
