2335786408060729398
2335388727691964988
2335751676771794749
2335751989784318006
2335752090397349148
2335752198165815003
2335752283293467117
2335752372858414202
2335752527628216972
2335752614886740309
2335752692212715394
2335752769849298750
2335752900980192801
2335753495480681264
2335753618306647648
2335753706429153956
2335753781616071030
2335753858581601291
2335794616782944504
2335469499744151319
2335418970899123181
2335679256962730523
2335704660529953617
2335705120804560598
2335724936726584316
2335779181986050947
2335688509890882035
2335695519009167078
2335730038391142676
2335584141716499183
2335729475575411106
2335254699019074238
2335308641711148478
2335746279954963065
2335748111881980258
2335217377446476038
2335769054377647646
2335818656554308735
2335363078222426246
2335652536538612452
2335488959060458526
2335598509975448676
2335705730403763536
2335594260191414041
2335734819295023856
2335402616937037475
2335335584266155514
2335577664225698663
2335584777370974561
2335480007526186067
2335276921690957353
2335331209658616575
2335690984942703954
2335593379150550868
2335548507992575290
2335618940063250022
2335361635451253328
2335695004260775341
2335622343580134878
2335489022930966719
2335447203293923455
2335491898957254461
2335666042331482667
2335967229706522253
2335743020290668567
2335950384937178782
2335401935574041949
2335452853879364263
2335647972246980313
2335796576454074562
2335645726631463099
2335546089297818288
2335606958234935904
2335990050906883172
2335741648157471103
2335476049411680584
2335557169154786329
2335764459939708133
2335759266717577478
2335553734077500923
2335528450050224127
2335378386234668833
2336093549155805682
2336058339970854087
2335442526360037598
2335816022220552440
2336075199111087869
2335590141586159377
2335753485256814819
2335545981327624823
2336177048965364331
2336177827386432421
2336178677177411437
2335672749013337795
2335733163946259061
2335869467031901123
2335916261933610235
2336195009956922775
2335609475859132856
2336284104138917824
2335705146331178607
2335658416758220752
2335650187341964421
2335773358421072805
2335625076462634767
2336058999166131078
2336146223140295420
2336146606365512383
2336147665016283154
2336148274624788661
2335713284697588765
2336180078805709257
2336078112247597524
2335691448395141994
2336328908239464575
2336122945742359277
2335700853409554601
2336443001577939804
2336480266057701168
2336075937023417089
2336488498461449340
2336210784114088567
2335864086635981017
2336108996510796948
2336297846935793996
2336399078945325512
2336481282455756126
2336356772048132842
2336114239439633287
2335799760140548628
2335879692107438906
2336481767846142909
2336482179122832087
2336482588864455148
2336391695979498106
2335992668688802168
2336447064207945196
2336361234552970398
2336263124767673797
2336436673556997326
2336213930203934974
2336035298511100630
2336434674978524327
2335973789958749162
2336481761210173808
2336387039364088931
2336477054336755891
2336482954237465852
2336483581327912344
2336444243865664511
2336442895748228957
2336484603514440603
2336343970780550141
2336277025522084424
2336077473059619287
2336287732345496490
2336468661751788089
2336144965368205188
2336434849336566352
2336329616823937691
2336369664055272304
2336492592889431848
2336446980336801820
2336216535227807677
2336463249749055547
2336466506852795645
2336113184556935354
2336399597612436075
2336334272007110273
2336338902778718485
2336467732612165464
2336257458949769091
2336963028276644103
2336814794298852994
2336820469577821155
2336947575636931692
2336987518765708416
2337192962068213091
2337149355565265961
2337086038897773181
2337189380651138303
2337248131709958593
2337211007389986151
2336964528811895614
2337061520967536239
2336730088768603661
2336930826976391159
2336931322172798263
2336942221323712737
2337102762504132207
2337266242800166511
2336935276755392322
2337258100296521806
2337262353798958866
2337093918997186569
2336815570539068552
2336590245716249027
2337008142233135982
2336983660980093672
2336891109552109432
2337208537541123304
2337137676217945356
2336870451623371384
2337171633856072293
2336803842015740467
2337260860107207251
2336902131126480637
2336889703974201704
2336889954625765716
2336890218472657999
2336890452640543122
2336890702923055035
2337271121581100824
2336867709354278065
2336690275629415298
2336567779177934314
2336971685026487959
2337045382025432659
2337103323818396493
2337104018479019309
2337073105477708782
2337086917170200442
2337134048463593699
2337221143026911670
2337212097523875567
2337335283720642931
2337325572865538374
2337335367991401269
2337202797375021290
2337200416561101498
2337337238112760529
2337298996078641931
2337309570934077572
2337313067389771702
2337315264634573160
2336759752071480105
2336862662355650022
2336867618831866953
2336936562091504212
2337055144108531210
2336682227817999487
2337027120545375218
2337247772661378632
2337329876841598608
2337001203699230679
2337240789029351798
2337241008987170111
2337241199668576068
2337241420859334812
2336934224288156776
2337078277431972784
2336639058975459907
2337305479086815260
2337331703410504241
2337150443493020567
2336621102037452783
2336937906173444177
2336946257200605668
2336955486892251969
2337116294251035419
2337228813108221408
2337264162534477755
2337297805483175735
2337004037261955302
2336887602373907766
2337246366293663795
2336785123138421453
2337144428308179102
2337145757793488917
2337214473294002072
2337215156680183261
2336651852064913189
2336906114429455440
2337269728089481269
2337272242541428576
2337334861345158728
2337021800851380759
2337330313955877280
2337330219349116462
2337330147332879399
2336619377304883313
2337332854864139745
2336887589187236580
2336887967270250009
2337248838618086254
2337249116314493541
2337249321105515747
2337140364305262372
2337148916180787447
2337106616144580813
2336888299737375543
2336645096760852284
2337021751022989859
2337022860097580871
2337022947582522808
2336640302091968599
2337199924820985883
2337318518254971036
2336969555786898699
2337031927309890381
2336953836609400330
2337110686994214530
2337134893866118995
2337263138074709049
2337263168667987305
2337263206710174212
2337263255783505822
2337263309168784753
2337263351405290521
2337263407072199514
2337263449367628484
2337263494061904164
2337263535585719944
2337032712954570797
2337072436962727772
2337147781074224413
2337148005486237816
2336872371195257224
2337014791983674677
2337016405675140995
2337185739005439016
2337280407542111368
2337299852469730243
2337334925651139546
2337335209160983058
2337069426075438829
2337326922332634453
2337018967346272562
2336974230673883153
2336986794719893715
2337024086897530762
2337024241709163550
2337155047211590806
2337172538180735224
2337189073804619200
2337190296981180217
2337071667660276256
2337333691452071808
2336957832632446070
2336974452763294467
2337083198767274612
2337093689795184973
2337006461921450200
2337057320264964392
2337223221673129458
2336631400924415667
2336932281972485204
2336978727563822373
2337334007451519402
2337269809509310077
2337052192988817352
2337066521058378139
2337066888420797916
2337284792403859916
2337285115231075248
2337315868429896780
2337323328746277009
2337081055865329081
2336964366821639624
2336930357836189559
2336944485636014981
2336946919875894771
2336947002554139444
2336946928650308550
2336947305760259187
2336947365629781328
2336947459171275624
2336948490357456602
2337335950237435709
2336904864938748204
2337312868518774295
2337313292579653530
2337313619760565150
2337313702505814728
2337315294445566929
2337315550096730424
2337315679079963095
2337315766975598964
2337315824664302168
2337315880490317757
2336923871109074953
2336924537089065672
2336925458711933579
2336926074083404785
2336927413559493543
2337109793993889152
2337111473116374986
2337112305022857060
2337113703789646436
2337132375279327084
2337134812186573846
2337250150923457425
2336968242298711850
2336971685319144242
2336995145521035742
2337066951956221121
2337326770858034832
2337326982569763607
2336984477543975023
2336984842700180043
2337337763994600892
2337161789589256009
2336875863659737117
2336949320275670008
2336981444860855795
2337131372069280106
2336861766560504584
2336862300386211759
2336862419924025064
2337122062332462614
2337128128151601514
2337206254076630131
2337270154960587194
2337252667214500326
2337337809134466425
2336635789422892182
2337332692368466494
2337326857151907563
2337282271685253223
2336874474959692578
2336966854874269159
2336775246979118899
2337210177161097689
2337210403871727332
2337210625473397084
2337210724282938086
2337210777659525761
2337210930105722224
2337069484382495785
2337325949320031760
2336959744858005381
2336956607703134976
2336962956361187400
2336637892439271124
2336712102872233870
2336713248051464368
2336714275269957201
2336837095338775653
2336988720359398042
2336999528082555201
2337018986255780142
2337056774141323455
2337330833581627534
2337281536179978235
2337281612189190472
2337281719336942842
2337281786202302302
2337333116044360184
2337336494346470667
2337014754715175651
2336666718447805244
2337233006086735072
2337271001423041408
2337314701817820328
2337314979287834277
2337315263300990795
2337315390035917307
2337315783243723827
2337315962222870705
2337320261770515875
2337320571511333045
2336759102623847099
2337311796917772976
2337247684992002256
2337319678265526654
2337323585746469357
2336979011334270330
2336984658545147807
2337282482423762456
2336683356764408166
2336825131447758765
2337102088991294253
2337227827889313066
2336823097276841901
2337134750153404187
2337265944551614191
2336918957819300010
2337297651199340019
2337219964452198661
2337297701841755330
2337333553653911744
2337216604528323195
2337327494545112888
2337143998853832579
2337226926905019791
2337327107813997661
2337327935819968279
2337330360840879011
2337331673330678174
2337342092669346530
2337051388728795467
2336924022036943455
2337090750368947304
2337315956526989722
2337333522682630785
2336648323118722819
2336683538763636033
2336923198735618325
2336781538307531223
2336782474534789858
2336784606046612541
2336788448389727350
2336793220375264349
2336857368538787209
2336915537168253019
2337118833975998398
2337119153942541462
2337278062616327213
2337323207805586623
2337323251971525695
2337323294778591553
2337323708932684408
2337324067377829653
2337324219647675578
2337324597722246374
2337324737006907299
2337324832133485703
2337146072684880410
2337332347070251605
2337332407879183143
2337335913898032242
2337336207616569116
2337336254114740691
2337335955639565012
2337335861779585389
2337336301493465448
2337336005971212416
2337336056999099860
2337336110493432067
2337336154936107812
2337338202368974221
2337328217088420742
2337268857460564826
2337274231060275845
2337274458441887499
2337084383129682993
2337085590392885361
2337142412140758027
2336973050186903384
2337167272844205699
2337325319931717483
2337187980491364814
2337188131587139244
2337302896924014551
2336693629254955534
2337254546067356582
2337254834475909642
2337254867854332244
2337254902138633056
2337254935525186167
2337254967376680139
2337255003355500407
2337255043553701058
2337038619759176301
2337039599833940805
2336896035543385859
2336915334693733950
2336915366117478327
2336915397079843991
2336915421792664679
2337061660974151006
2336642102842498367
2336642140414957070
2336642178918736936
2336642214755005174
2337034558758097347
2337099893088041431
2337191450583670902
2337195583894162347
2336679937660028723
2337198524619304980
2337323934252589139
2336811175939395592
2337308752708698113
2337325553824459796
2337320212904624258
2337249053517994249
2337267426314349817
2337075832520806237
2337087517734444213
2337030550965183326
2337078266594030685
2337156742382519202
2337111786563820810
2337318911395029345
2337330064770873330
2337050467778851342
2336793089018779316
2336793202676201357
2336793431039250446
2337072859446438719
2337083540023474245
2337148619146388187
2336957713464235563
2336852671054233379
2337190990635333393
2337108314578285942
2337116569170083751
2337011653933457020
2337312370514622018
2337312542137005145
2337312686110829701
2337312868831462064
2337313043297698298
2337313238836160323
2337313378657562537
2337313595427635079
2337313741850544125
2337308021355310514
2337308234610599048
2337309345446715939
2337071805359920741
2337015327589418349
2337015380748263747
2337015466907597056
2337015512952509599
2337015551867362467
2337015591704857787
2337015615033503982
2337015642095095111
2337015670885045011
2337015721317170857
2337015765474930092
2337015800186828152
2337015829890951930
2337015859343383569
2337019465513826663
2337020221906015131
2337020552626886161
2337021017817157552
2337021393073160784
2337055104858674652
2337116681351929469
2337272685553214799
2337273700314583844
2337317864347702193
2337122162148923613
2337295397172463417
2337318957844729542
2337319205484855396
2337320221815010351
2337320351804849371
2337273580634401485
2337273849296331813
2337274347210450269
2336845299680795551
2337324457909972305
2337326303086576540
2336804665491940621
2336922752044037434
2337013766847176741
2337322487416647533
2337327477086933708
2337216268565014284
2337246907627607318
2337314184423063987
2337321974933344492
2336637293634423441
2336637546240477915
2337197949951811146
2337197988774292123
2337198036824168236
2337198083489938183
2337198158744166907
2337198321265172153
2337198364592324112
2337198497979586035
2337198625167736870
2337198765601404144
2337198804272701629
2337198863848780958
2337198914566259517
2337198986548860877
2337199024331284698
2337199073958288055
2337199119977996620
2337199158968273312
2337206742337088881
2337206821030630065
2337206895144042629
2337206971463626461
2337207038916280167
2337207144788972138
2337207219581823036
2337207304231084904
2337209700327982656
2337209788332977162
2337209925327251983
2337209969442864066
2337210025504049656
2337210067790986241
2337210117703269501
2337210196631720420
2337210239757515277
2337210298989354400
2337212721434766989
2337212774216068129
2337212819891854023
2337212862061583327
2337212918827125140
2337212971943739541
2337213013450746904
2337213061240479266
2337213102512494617
2337213150990233793
2337216824747600484
2337216867865001759
2337216916057524847
2337216973259600523
2337217023876412616
2337217073578942050
2337217119120557933
2337217171356479997
2337217213358367207
2337217259612965080
2337217306681560465
2337217350428202913
2337217402647117580
2337217447727558459
2337217496758884072
2337217542183411229
2337218996004533351
2337219044020979296
2337219096021966315
2337219143107200237
2337219191475909209
2337219231858605199
2337219350767202794
2337219413035749781
2337219480832561441
2337219939488034820
2337221342633794695
2337221674764045925
2337221737409996435
2337221905996050304
2337221954700308943
2337222032412270676
2337222099999268770
2337223852119434544
2337223959879575277
2337224881846245477
2337225037270413736
2337228789142372635
2337228836940775636
2337228884906814082
2337228928577858166
2337228984680774724
2337229032051271452
2337229072140398554
2337229113663983128
2337229152411108931
2337229210225340380
2337229398054708509
2337229358561202545
2337229315166790896
2337229569685651602
2337229660097996836
2337230520114963247
2337230584900205945
2337118213320237199
2337211869830186344
2337214032405027682
2337015128829830030
2337283990477986919
2336661320588151719
2336872824902175464
2337199637755468700
2337260980911092329
2336803670091714378
2336814023756338913
2336815402415789815
2336825548000963280
2336838614323273004
2337155963389549189
2337320347072194720
2336901942104942851
2337138970990026620
2337225401209163996
2337299319526213164
2337138015796111715
2336909376491502738
2337117048025904962
2337140571318444771
2337105192397755021
2337282329666748357
2337295360975699075
2336908637330986492
2337293128589022963
2337293890182438246
2337301581176769832
2337321939640616649
2336647065181249887
2337174313663156658
2337331978398740280
2336688230545577800
2336704037484826622
2336735982302289960
2336736660890340057
2336738772923716241
2337142480740463022
2337314773336805988
2337315611694198498
2336955520520618173
2337199731035773139
2337314955495475358
2337254424021533205
2337259753698393600
2337311736459319007
2337160166604507882
2336826819417859122
2336827159987054134
2336827595456431228
2336828012059819521
2336828137687601653
2336828375110299729
2336828441078287723
2336828550147099654
2336828597802785083
2337172701489949174
2337234741992113869
2337236685372621314
2336804919213558570
2337165765035627739
2337166972978330716
2337221326552856600
2337295878123742957
2337151391372824952
2337293861385656712
2337297698678720865
2337238023354065713
2337238365600899177
2337252697638291561
2337265311462315314
2337265700576350133
2337277321834952767
2337060029214375839
2337141992558322788
2337155688311466441
2337302534416609313
2337118875878205472
2337311191821751411
2337331794050193368
2337118498131970066
2337188907233575020
2337235473529114329
2337235526528513824
2337235596573260402
2337264476210111294
2337336035941767511
2337337149730689835
2337337907440126027
2337341084256243995
2337315574876606106
2336644348228064794
2337184200115816234
2337184271494407104
2337185496810058164
2337185558315146805
2337185730382315247
2337185819553278558
2337185888272802690
2337185957839560528
2336944074030314266
2337326845384779137
2336989176397573295
2336989654288321432
2336989790267716965
2336990354753803337
2336990396386404955
2336999090885011344
2336999205389664265
2337227860640520804
2336693426023940937
2336757035184348783
2336774379319212235
2336796593032616287
2336827967668151921
2336907347907923638
2336920157538980869
2336920331115890531
2337020057001832710
2337050190358058498
2337092573531499167
2337130107695408700
2337136514595496469
2336635021404616401
2336635545239480391
2336709244370275150
2337080378097688897
2337162900592176257
2337278385325517564
2337041830397738289
2336873319888591856
2336876243863925222
2336877984877470950
2337097099160360046
2337097790776052137
2336643352132677035
2336964583824412595
2336967096648694768
2337018068573916139
2337078487004031307
2337283128489238223
2337303594998740834
2337075541855584524
2337076861106658441
2337077934513131026
2337078459220505088
2337327422058004758
2337332584793479439
2337146542144525554
2337316373406825911
2337316969442124529
2337277149442376686
2337277435644899984
2337263093094470614
2337263812677583679
2337286273579166115
2336832364255634441
2337106061222599949
2337224845245806328
2336893837199650184
2336909859784991566
2336911829035875868
2336912236713728850
2337146272770009248
2337283995376009688
2336909790334992387
2337201495009486846
2336638167744126075
2337216340017874773
2337313437216855139
2336658392838287122
2337114485196462391
2337189971192837690
2337311718239446528
2336701103879849247
2336703189086384651
2336707219451924373
2336726368379076801
2336666083086716751
2336637853741613746
2336717489482221499
2336936125372569182
2337009002579027866
2337268039530881874
2337268456713229749
2337268647629460158
2337303076984952693
2337074827448100450
2337184100090998896
2337306117402894349
2336941512552937079
2336941513073165347
2337080267209295379
2336789430546467451
2336818048366669350
2336992070165513919
2337054741447532504
2337188610486069272
2336947753493928631
2336950328754638269
2336951399694651238
2337005580916796432
2337006681342719894
2337073216476371037
2337246352362688186
2337314592002451045
2336958246442986053
2337220933580035213
2337226927903143613
2337310666561895898
2337102891881656770
2337103536923808527
2337264352637589278
2337264489615194021
2337321322709553125
2337031217003705227
2337031703492643034
2337032067164024782
2337082994338398397
2336914210209697714
2337298364701828705
2337310942949622292
2336643559212446076
2336702826472679089
2337074902845001936
2337096109061501888
2337097461573422951
2337186694199824576
2337252443052312156
2337220347550455066
2337219583743544933
2337230826489573467
2336722754542662880
2336722837581569523
2336722870666206807
2336722891453121531
2336738211173612779
2336749201147587276
2336750793221525600
2337315908383899200
2337308435737419087
2337317771308473018
2337319502029262808
2337106248086057953
2336913630934577091
2336928522232075452
2336930476635165306
2336930871209899190
2336931159820043346
2336933878500863445
2336934451962782366
2336934879597186430
2336936288992388983
2337312386091722931
2337235689384943816
2337309553594883023
2336696138026396802
2337310761166987388
2337312579204711033
2337082593723672626
2337088318118129556
2337190771097973549
2337190883673040286
2337191062451177101
2337191104939299462
2337191147905993262
2337192644005740351
2337196220463701032
2337197147799086692
2337312774105848632
2337314353588221051
2336908676184417477
2336909833904604625
2336910893545269290
2336911985448566092
2337260267819329193
2337141411989967923
2337144617520349228
2336682545904778657
2336682613374234588
2336682667849858248
2336682743070657942
2336682788461373604
2336682834447706958
2337308339836468445
2337287847398339766
2337159356145142486
2337159275438160273
2337159451985029858
2337159376596512584
2337168275844396081
2337174526590615050
2337175252448573002
2337232016338529976
2337308466354180127
2337308570104538486
2336827940640464294
2336893144392906321
2337324078091689314
2336953065745995639
2337044363547016443
2337044523744319445
2337045580801223574
2337045898066795287
2337045979889400352
2337046109409493517
2337046187331144535
2337046259573927793
2337047139287217931
2337047196715513208
2337047239514207031
2337048711983366383
2337048777338917950
2337048875200557026
2337048926387772112
2337048978984275450
2337049044851815968
2337049153979270252
2337049194395414089
2337049247679932675
2337049316433038719
2337049352403200087
2337049412381757556
2337192891477058494
2337192965145653758
2337193025115985248
2337193080572962391
2337193137263295892
2337193225729540414
2337193308524928733
2337193357640243490
2337193433842555907
2337193498275424467
2337193549009540977
2337193598141716030
2337193654060316199
2337193708066012191
2337193745638630411
2337193806791654280
2337193876450678846
2337194013948200442
2337194063734717776
2337194110064879825
2337194156093100841
2337194558586907833
2337194607702417450
2337194645224661999
2337195064059488188
2336983513775106065
2337306930326215087
2337141090656685124
2337328395790900687
2337308697386365436
2337297126551180472
2337140651454275510
2337140912490839421
2337300459848855808
2337268762316922473
2337129549149797504
2337236369725993748
2337338039789309514
2336731308522310895
2337322311450225329
2337222871046525493
2337224695291914351
2337268237057969322
2337305767849567766
2336827596312353806
2336827643179370069
2336827691682273819
2336827732870486313
2336827775685936385
2336827806480461491
2336974495317042625
2337198603313242820
2337198854166264454
2337198854359073667
2336871298419856709
2337093111653580613
2337235751778255291
2336926319104958916
2337080205987807312
2337089236433436080
2337106592555622246
2337324555317553952
2337328811589066330
2337261145068832241
2336814919985889198
2336816122878631623
2336818348753923448
2336817359988517907
2336830842133625376
2336934073325242328
2337037116041054186
2337053879046623143
2337025553704282145
2337027270130818066
2337180263023136358
2337195753267326973
2337091227757155345
2337298401315961952
2337298579095650879
2337302263313480767
2336984818699418407
2337051075926678001
2337185035151416248
2337260103998933812
2337293507387218328
2337298559283941809
2337302618296369914
2337305537196380408
2337323055235544768
2337044147156033953
2337044083713147890
2337044280937760344
2337050618287716977
2337050591100188321
2337050626642757596
2337129273575748735
2337129561791652500
2337129847130136436
2337130130623066876
2337130584102852653
2337132437741815295
2337132657321992904
2337171159464207297
2337199452905144274
2337202727431818894
2337210167447575114
2337234522344901736
2337256720371625263
2337266773816277246
2337267292165211000
2337267379666763164
2337161073839255814
2337164458080538206
2337166240449856618
2337168000203640961
2337297116844493855
2336984466956196166
2337218523321298068
2337234999897865427
2337331942351230548
2337049380354580877
2337162823132873029
2336937616481282935
2336744135794702937
2337248680233727162
2337108153987259167
2337101076023220482
2337069000705786945
2337098060563667494
2337098277694415722
2337307716740788908
2337312300964226576
2337315020408310850
2336838633464834420
2336917828878616879
2336979051204647926
2336979675635981737
2337109548257850451
2337109702021142360
2337251466165885147
2337262888455404315
2337126972034851408
2337095806366052171
2337099270139775571
2337101375915367738
2337103330763029705
2337105481233002765
2337180106415451293
2337227891391174108
2337298411711392664
2337025548521191053
2337085345260445814
2337306916138824051
2336951120410235505
2336837565889790961
2336970195159432179
2336970859612608477
2336971155470292318
2336971506156115326
2336988928682625907
2337163312466511916
2337163518054541907
2337164296098005462
2337164723765976544
2336814349980855558
2337024988705630456
2337026883105011428
2337037705608896355
2337284663191584430
2336716201110421007
2336909288511656436
2336936977545596282
2336937474704913894
2337082938266840083
2337250290937841918
2337282177395836933
2337283530629260316
2337284772134739148
2337286794376556149
2337220114138517287
2337339764293714937
2337198453392087813
2336686442373511767
2337265530775571174
2337300251742813282
2337304306795855913
2336657046298942533
2336740592396886755
2337168786971344282
2337185487701487828
2337056175731598901
2337328982122103652
2336951367054489906
2336954376635439717
2336970111139005392
2336970379666670539
2337106284176190629
2337106351544887962
2337307042471255228
2336779099514953622
2336898084864739819
2336940127494241356
2336940219634782736
2337299536909069745
2337312535669554175
2337335952837946561
2337347298220512990
2337287272544998847
2337214016692504331
2337318151899173238
2337320356416990237
2337321582814692985
2337093400430652973
2337099372891934964
2337264019850741980
2337265375013613363
2337270989525616705
2337290990852940603
2337291136185541228
2337305213294050181
2336992818905679408
2336993701353497424
2336994021571934395
2336996720078095246
2337152593811367441
2337303403165704568
2337303656384417913
2337303920767988044
2337304085503492860
2337248686668827801
2337251084778912139
2337260812754197074
2337263115796046029
2337265154118896529
2337265444859477124
2337265679522470141
2337287280666251600
2337293736354397859
2337296188789033673
2337338773876295399
2336870077289669056
2337314524146621905
2337316840442679301
2337328240393126488
2337347516633985986
2337348263866211923
2337348897994690909
2336920449042348643
2336994956113236675
2336999635857596325
2337020714458126025
2337187264809098233
2337125152771057061
2337129680136412030
2337251705181999950
2337283696279007032
2337278292849090432
2337342630312484075
2337297811221424588
2337040742144153742
2337040772099939265
2337040821844187266
2337040883374810148
2337040913347354526
2337040947623059807
2337040976907685722
2337121192099862750
2337280742929028739
2337238763832597392
2337290476815655123
2337297065675360316
2337277161133823305
2337013614300792171
2337014528860260240
2337014654311948513
2337267949847958912
2337204679241710211
2337314856318117441
2337318078424491842
2337106201907467604
2337302545844034225
2337296992633768558
2336946539401641206
2337285767536526411
2336726933435398324
2336830876316585762
2336877611977846435
2337242189295537841
2337242460566426470
2337327086179413028
2337327573557574238
2337334769598942481
2337335796993785727
2337068019590480908
2337029137233162929
2337029084024244714
2337029408218705442
2337297860235439114
2337159639883056222
2336981008995511523
2336982308860691577
2336950364571881150
2337125199621097119
2337156503699728303
2336877921349991755
2336878009396759306
2336878083107606354
2337309083119829241
2337335794729243525
2337143038063127634
2337015995750590013
2337050392615231359
2337060777250639626
2337061353850058706
2337068032759141416
2337259657556798672
2337272822153856925
2337266396537032657
2336811856491751941
2337280176102374210
2336830305287832197
2336830562541432960
2337049256009903825
2337311346817103013
2337335033469365076
2337341754531148422
2336634909517709505
2337208499714422840
2337246598473544338
2337190690558953793
2337252888428333456
2336926746632060964
2337008814715225290
2337008847531384376
2337175623116295897
2336862058601856543
2336998065385212680
2336642468030526450
2336960018014591113
2337296577759002820
2337079844473678209
2337187007858928043
2336981607802604295
2337089663332008505
2337089730919260279
2337089776469184487
2337089827035729370
2337089877023524830
2337089929460793317
2337089976344602872
2337090023060760206
2337090069097408322
2337028389273373497
2337320807373765677
2337305031925396874
2336797683123917048
2337300142985972749
2337305920279037880
2337109527511798753
2337321367412095648
2337321651114617251
2337321838944046249
2337322026479774618
2337322248668718701
2337322421792889109
2337322610452743792
2337322772260565992
2337286735188493581
2337287194003619499
2337288511501433102
2337289419056557997
2337291590976159458
2337292710872187574
2337145773346288671
2337325234032901309
2337264335071940616
2337299701141131525
2337308594726576666
2337211820691242567
2337248828536967549
2337249031348332661
2337230657929844111
2337231030014936485
2337231475986750216
2337235493920208133
2337236368726314375
2337236743789226433
2336972981709923631
2337116260141266275
2337146372257658813
2337298370562971392
2337161593372492017
2337172195415318543
2337204433464879652
2337211800709613056
2336642010942931963
2336995749937866547
2337261939285316946
2337291742734569968
2337292915436786890
2337285846329337944
2337298713103520647
2337298899112407777
2337300226047672529
2337298021103375243
2337300137849844867
2336948787792364765
2336723481944517629
2337054309291425344
2337203685435381672
2337206687844063051
2337209756774463594
2337210621304476487
2337212864468549979
2337213363397843204
2337317991074367080
2337271908045997947
2337271935149558735
2337271960735025662
2337271991697161608
2337272015084718299
2337272045401054169
2337272087243580049
2337272118591793198
2337272150292381506
2337297889635717316
2337298849804118585
2337252188358981211
2337193828635941802
2337043456521648154
2337118982354384485
2337016596936990954
2337125631751425153
2336727882975423593
2336948525036297414
2337167103824088222
2337288769407682509
2336818079328935647
2337233786244016558
2337243404739354314
2337245836387125456
2337247083211022533
2337247816962765726
2337250054749708526
2337259175481902914
2337259986626639789
2337261546354089892
2337354455093123605
2337253097934711122
2337087395597770778
2337249271815135898
2337258917967761221
2337343784004993655
2337124048336399887
2337256580464212242
2337256811612300467
2336755898075341454
2336756219426251802
2336756912409103447
2336757392178921854
2336853472183584555
2337100590592839669
2337133496837116447
2337299998710419705
2336826448482830756
2336826565126318557
2337294994383856874
2337295154195440795
2336730010529289188
2336730601867393346
2337022157627137319
2337022305107405507
2337022456261685890
2337022606954537460
2337221337264127675
2337292857202983905
2337305764393488203
2337324441981589722
2337327198402644081
2337225323682011786
2337227114515585890
2337241921692360635
2337195652797102519
2337207243445704940
2337273705086589622
2337277004745755432
2337298486896506668
2337070244038558549
2337258208735591652
2337282194516572588
2337292654959817195
2337285224465246158
2337277250145321693
2337310942966509798
2337317895033647905
2337289419358125203
2337016072546510068
2337288240329070965
2336925942087357284
2337142110475663569
2336903105209633367
2336939660112412506
2336871251418519077
2336925958194816136
2336926100381696117
2336926212185079439
2336926312512723037
2336926427881189784
2337004260775205349
2337089306815345125
2337092122829121035
2337092177111699303
2337092208468406083
2337092239136984129
2337092320305242060
2337092414660289772
2337132276167796788
2337132760349880828
2337133860994118214
2337139620754778663
2337148193333482161
2337148089457345186
2337148294323766161
2337142452388281868
2337144266953310665
2337173111584492502
2337225313506295276
2337266075581111340
2336817848590937168
2336838408885738081
2336927980713917341
2337195085291884394
2337186054181773585
2336749712097807773
2337291229283531590
2337291131321352794
2337106366450422716
2337106608721794283
2337106866738810227
2337107159098381196
2337325915641247614
2337201341137269843
2336833696542108685
2336837736596292111
2336890096249049138
2337279074122953733
2337282080591777029
2337283431451124125
2337297602059194509
2337154100700826970
2336658171151901518
2336661135098496691
2336890538957166846
2336910537826349930
2337291556700402285
2337291592855422703
2336636528853458737
2336872490716100453
2336944647149919792
2336985074552901349
2336988055981630398
2336995680286717567
2337110030712317854
2337169956176580113
2337249019637449487
2337301847045426161
2336936358449682104
2337112335666554967
2336933814420737524
2336959106233377974
2336959619649630608
2337016383136984521
2337052363411724177
2337102107748110449
2337222176502218827
2337241278847475247
2337298385536914101
2337002801425520724
2337004212750002811
2337030911659131595
2337193767600047060
2337042266554105366
2337245301336505254
2337256442473860065
2337025989032722177
2336873822323493135
2336884400534535703
2336974320372470364
2337251029394943449
2337331321786966131
2337331117163806575
2337331363797018901
2337331160516061839
2337331197484468953
2337331228614705515
2337331259107375862
2337331395464144769
2337331290874925232
2337334594879259026
2337334620296831390
2337334653767170462
2337334686415710975
2337334728551772026
2337334766099095674
2337334798093133421
2337338215301705603
2337338244099748091
2337338375498988468
2337338407619100940
2337338268854614332
2337338309052784918
2337338442666580916
2337338499499315770
2337338472118880824
2337338342372415402
2337341603494119068
2337341637577096903
2337341672733611183
2337341700198088591
2337343503362874506
2337343535105232776
2337352269399550038
2336993038722928957
2336996380652253471
2337340450850272438
2337286538372665419
2337043604824184701
2337277296275468332
2337277447530516726
2337082046524157461
2337290260945825045
2337090030031190211
2337090066748110252
2336908983291870873
2337062343655473597
2336860586929206933
2336965282882273406
2336965985033821224
2337026784196760511
2337027726103221888
2337115126573196328
2337283470157812403
2336633865546072625
2336633993380168386
2336634073667383040
2336634158593620613
2336634273408496028
2336634552061309272
2336634760996433924
2336634837945047520
2336634965711985142
2336635072088036584
2336635227822534693
2337051741234667112
2337212697165959747
2337212767588354432
2337212801855942608
2337233904422874365
2337233951977817848
2337234002695415107
2337234052934774666
2337234105531226944
2337234147935644744
2337234195683506923
2337234245293948760
2337270009008981218
2337041012667741793
2337109447753985274
2337117999973269774
2337164283119786200
2337277261328544025
2337277280177837210
2337280607217132445
2337225719297733272
2337261128098601993
2337354509831205637
2337165282848892272
2337281867044456670
2336949424997910310
2337016831289395043
2336863090452595018
2336868423174622606
2337285738015935850
2337293751335475928
2337110760496233279
2337115749562711884
2337079138002107437
2337330670941284516
2336983346757846810
2336837635254676362
2337238183208545237
2337281826753513742
2336875563037087350
2336883030525730295
2337276557700901858
2337291376871776618
2336999567223295734
2336956830813993406
2337238735087082652
2337242030493008106
2336741350072194025
2336720544127619684
2336762767724744315
2336764964323681431
2336979834516075924
2337081268800613199
2337085256048829974
2337086378218087639
2337130626782959205
2336816846546020266
2336908997854279759
2337199749347954320
2337291032244639571
2337325299960090666
2337329015761089070
2337286797716647237
2337285005994523078
2337265949022790508
2337279605978673890
2337281685195733699
2337281747514621458
2336732089812803194
2336732373029069999
2336732602440655529
2336732818288004098
2337345829180749707
2336863550768445870
2337006041474054252
2337262672953175809
2336922441546270139
2337281353583926793
2337285279638851046
2337279507060003633
2337022257821138555
2337004923926959525
2337056302959839749
2337056725980638106
2337080294672417540
2337080650726794465
2337081026804905234
2337081375225796373
2337131195319645851
2337131373342733102
2337155699626273476
2337156097028151494
2337235511409752224
2337235769778985927
2337236007168107700
2337236367685267547
2337269523104733536
2337269870737133230
2337068996628457742
2337122329133205220
2336819331101152665
2336819577868978563
2337113324884290907
2336929901939374547
2337140758854050264
2337268146553246649
2337358573809806552
2337292339708807143
2336896418859752878
2336899824072562353
2337093838826654397
2337147458230412172
2337218788654933952
2337279957419697667
2337282568046921380
2337286194299615160
2337309573886860754
2337312798090369107
2337313794262603332
2337328315094045557
2337277788694088317
2337279779050806390
2336770426095430763
2337259485255301764
2336992527821043408
2337012377616139255
2337295484413903600
2337153580178617500
2337154959022694960
2337157054396175571
2337180257931946212
2337267168130150313
2336726330303304245
2337268410163347567
2336982262155202471
2336988823747482117
2337246658343868206
2336847384376260215
2336958994486974150
2336960027284117842
2336960698959793838
2336960899414206743
2337028134291867328
2337076221282574834
2337158848249259755
2337169571549364349
2337170750568267634
2337204068751813044
2337247718965984334
2337324797564581289
2337261898466468260
2336885876504041124
2337124619274031968
2337250281292863148
2337289369916193507
2337297018044950796
2337281499380235998
2336888466031535471
2336985611573383391
2336985657668614225
2336985695559935805
2337011194973750747
2337011918164107174
2337295059915697806
2337284047796251592
2337310577272349746
2337256183089649062
2336700555466844554
2336793667631382586
2337092212578178508
2337101940696011526
2337194611359751389
2337259686608191582
2337262373495944467
2337262624541910386
2337262951252956445
2337345578673281700
2337142716479482083
2337258297000016018
2337260224039596413
2336830412311277797
2336841469100638852
2336958488387253795
2336646838008822567
2337281291568708388
2336944787197245140
2337281953713613833
2337282589880404460
2336953900303386930
2337264290409311535
2337265080834330558
2337274556614401801
2336802555169653517
2337238302016350005
2337091069588534551
2337093873262509741
2337281192623939078
2336843478331126488
2336974012445132223
2337084220811023865
2337170215485084123
2337187100972861446
2337187962466086377
2337188981153545199
2337240383708040412
2336973195351810710
2337276333808093240
2337276819231478682
2337277657035540058
2337277667504313915
2337277673703533195
2337277674223764618
2337300743173114938
2337104581431368963
2337104630420700224
2337104677850011055
2337104731931221043
2337104777061958603
2336687916671488948
2337124677927104196
2337199933564090846
2337216094905066937
2337223712356714743
2337302081408232750
2337302111816826663
2337302209795918371
2336936534712096109
2337334888867751769
2336814368561272497
2336829923364007781
2336895637303131147
2337254895606131241
2337291675508377704
2336907518776702867
2336870750449029637
2337187272989109920
2337276749079173344
2337085349070478045
2337113111965708655
2337144003970959131
2337276705709715989
2337263543864424278
2337178645414444142
2337028111935617575
2337115092699016170
2337319718337508557
2337185321756630140
2336808699161326043
2336696068451644644
2337088039102596814
2336815021597620142
2336815158659111722
2337074778425064179
2337076462849274008
2337076588124577951
2337078622571974497
2337079054870272548
2337269503694341350
2336658261742574709
2337226651137751319
2337132149047833105
2337163661482922599
2337194908770902079
2337273312778223451
2337344177757383073
2337073630360265821
2337167182725003786
2337245438892893844
2337278094366474218
2337075833652632830
2337077300165653465
2337112342837409980
2337112498496486149
2337112624870935899
2337130592069689787
2337263719547133977
2337288868946075532
2336954949500721188
2337173249804307695
2337174124929078536
2337174810664329479
2337175516573894234
2337190596128771366
2337229369398934067
2337229803769314392
2337232218522424778
2337232845797576109
2337237647654801536
2337242953642171928
2337244522605629816
2337246078197354541
2337248014615230294
2337249368377390253
2337260881221721307
2337289835634697397
2337313072716395506
2337315883906581948
2337341575914460705
2336771453707510833
2337022033969494203
2336933833882254450
2336935676146391002
2337176946713502662
2336864377054334448
2336864488983370248
2336864816625751878
2336946106632955248
2337059199010689538
2336950578777106119
2337103939197411435
2337218802729505445
2337219443032029410
2337219994045986982
2337220648961540974
2337233882611326142
2337234052849772178
2337234100027236095
2337234238489524754
2337361797692861014
2337263346482585355
2337264879005788296
2337305976423712329
2337280655903340857
2337260877772621675
2337261578213126006
2336876912301222951
2336902608696304841
2337071168076816265
2336640547979274758
2336725732615848685
2336763173884190405
2337279141425194137
2337298612860893765
2337325609783829040
2337347563190465953
2337356022690501469
2337251877400121173
2337308403682780219
2337101417063894119
2337206117192771318
2337235092122761372
2337293409406767823
2337284130733316217
2336792988893391195
2336793089313433366
2337251490443116011
2337131585407867761
2337275479336572272
2337279409382670321
2336935873403658431
2336936190652287411
2336936600158899467
2337264062601375750
2336893730304071276
2337277856306711384
2337277880382189632
2337277906881623295
2337299984775860678
2337300596993100858
2337301943893188113
2337301896900261771
2337301972171194464
2337301918039483286
2336927304121637517
2336928673612385432
2337026063329521843
2337165829282739950
2337214321862690458
2337299032224126147
2336897639511267872
2337277127472171719
2337168260721952938
2337175544952814323
2337217820659894627
2337221146734722833
2337223772402378385
2337258444599758122
2337281596268638639
2337018314428419021
2337018606502808549
2337018814280404403
2336914872463768819
2336942684886683014
2337051258858038618
2337283172353350087
2336754750010595229
2337055670644739757
2336816390324164887
2336834544379183841
2336996248958368294
2337169113841001245
2337276027799251110
2337317567959798488
2337248941270010325
2336811464809452384
2337283146095323112
2337283651282488201
2337285391524557100
2337285607422073975
2337285883692514697
2337286105831092376
2337257318527513267
2337256900581779837
2337098886866695999
2337101257151615698
2337101465189346045
2337101783998183946
2337102099644912735
2337102324451124567
2337195573534530435
2337260994323923529
2336653634594846126
2336880361321414417
2336963094664064964
2337014809358718047
2337043948505453073
2337128449973878238
2337157118595211355
2337161328116200650
2337271673325571127
2337347507180790611
2337280884863200288
2337281936685543589
2336986519665275787
2337084861984426135
2337118859066471684
2337301884299439958
2337308552588435010
2336905597389535278
2336905650439185530
2336766336313367757
2337137141308355383
2337233446353365003
2337254199827870008
2337253408289283497
2337265709092203682
2337127086647252203
2337127744792329401
2337128770190642564
2337134698730248469
2337219714688713456
2337241815734719437
2337242606369381282
2337063609044333771
2337068829174537814
2336818932106072771
2336935566120505976
2336972560796212449
2336667131126319989
2336697385815483482
2336697631526132563
2337149141154354443
2337199144237455249
2337138794786408814
2337318633044646837
2336658288944383841
2336812692741885181
2336812703059957750
2337047222602008682
2337301215374940261
2337214006811729465
2337214165691975259
2337227002753735149
2337285815527579677
2337279470352057732
2336799295405268559
2337070079060924237
2337096193359601440
2337274497213966794
2336827551424756367
2336827684820411709
2336827730320199054
2336827797177452537
2336828291702775130
2336828334694446500
2336828378214328050
2336829460479111393
2336829334465470284
2336830355140857514
2336830398040262740
2336830485348967814
2337271072405953384
2337132616560388536
2337259769511673073
2337259917117739626
2337156448948329333
2337197025391948215
2337197063551694386
2337197104664316262
2337197158066270141
2337197200244018200
2337197233454469823
2337197265071146650
2337197298399205401
2337245390574049908
2337331158001233403
2337196143799562362
2337196274057923937
2337280863261174840
2337284339852862695
2337200998178954827
2337201337120682981
2337178686661185901
2337181678835749017
2336776604254977498
2336776941686645253
2336781162842446401
2336782863498626178
2336781824837934041
2336782229160402313
2337137010537505270
2336880753765557582
2337135252455373215
2337269217492841783
2337274565523114234
2337296805048303505
2337273948347340720
2337275005228173043
2337280584969422340
2336796099647677608
2336894601199483851
2337163547051877196
2337285052842875683
2337108374430438717
2337268891971374020
2337269316963408383
2337202387380576870
2337202951212374467
2337202995990835531
2336929989263514256
2336953350328768720
2336953750633144507
2337269181229512071
2337311427559584344
2337297442304794358
2337064348600435267
2337064529274265536
2337064678666929178
2337024395439396630
2336954626244360168
2337272790702600461
2337287483240374709
2336973339007294941
2337310124873742946
2337300369410843473
2337303955213525033
2336973389188840731
2336831937142071806
2336833814235958596
2336889974170245767
2337263713290443268
2337304793855767971
2336736230355918165
2337000543884916853
2337050152938225607
2337275085196536542
2337280749763337219
2337299723880293759
2337245239511893132
2337245310613792201
2337245434387760776
2337245356214442442
2337245422819984103
2337245448262422432
2337245265986580697
2337245462640686696
2337250255287161567
2337250314871386447
2337250304452837013
2336916528886328283
2336953328459680425
2337000889644129439
2337056872856697783
2337106413685440716
2337201655801622144
2337347730634015611
2337270524798267256
2337272883281607365
2337213772619721848
2337151328098699002
2337013415339879212
2337280348075680059
2337240539886102897
2337240540842301967
2337240544256489964
2337240538653086126
2337240542436303367
2337240549256291618
2337243998014188778
2337243999666703258
2337244005782164141
2337244007996704062
2337244010160911894
2337244013692598477
2337244016888694113
2337244026309090987
2337244027491852776
2337246485723047375
2337246490202660405
2337246495395222432
2337246503171407566
2337246504136143456
2337246504974922990
2337246505713133974
2337246518405119635
2337249658915431966
2337249660391825959
2337249663814239614
2337249662405045911
2337249670474946830
2337249670810457859
2337249688199982717
2337249691505252916
2337257473742618085
2337257838898771029
2337289130134694466
2337338422886985734
2337272327183872912
2337006154444822882
2337007532323929556
2337105764953859673
2337102603437049320
2337103720623595895
2337320604023213378
2337266077267240811
2337266041565255673
2337268549784314062
2337270269138492915
2337284170304584610
2337279885896888170
2336890001055670264
2336890864285282363
2336891879155911592
2337007666256662727
2337012892837365800
2337078723915180649
2337212808642306990
2337264945795050050
2337346810883645048
2337360459635458810
2337224342591912078
2337050598884901496
2337272476324351186
2337272521664901857
2337272553558422460
2337269835993416846
2337270037789748293
2337270216601218981
2337270462387391843
2337270643480813176
2337271728597570135
2337272015269858272
2337271979786049299
2337271695076613513
2337270864008921112
2337271168028849362
2337271419267690687
2337271882998125930
2336753693624318163
2336839282098422485
2336978146234453125
2336980191292952184
2337124746763991448
2337146801421027321
2337236971969570742
2337267419577400799
2337224972726381602
2337229128618932781
2337305536892316182
2337307373418657496
2337308143736185682
2337180449467955351
2336644281446850969
2336644799963562371
2336645010089711773
2337215154784508816
2337253569467464952
2337185590082041429
2336833965104876682
2336955983741703674
2337210640279863445
2337219593567031627
2336845118755888425
2337144990042346823
2337259362319590183
2337259396763188388
2337259430418121028
2337259470104714860
2337259506620204640
2337259539453219447
2337272388376658232
2337327488705045829
2337257620142275751
2337202543626850752
2337206097561334066
2337247018558606630
2337260671672474828
2337171761296510943
2337174775398805197
2337173450935801868
2336737546167848965
2336751139655333052
2336753128745359685
2336943689162911508
2337174929724099434
2337209472283749120
2337209515862566537
2337209557528609803
2337254296526042957
2337359655261500265
2336831065858423261
2336973534394743882
2336996319011730133
2337232045834918943
2337089973641811502
2337290486815267929
2336956270178164215
2337346619354585445
2336795672181999998
2336838147789602259
2336838148309820631
2336838148133745505
2336838149668693871
2336838127614966294
2336874639308174754
2336922804564743332
2337203334766127391
2337203325563746638
2336857679808894818
2336839554711393197
2337254054487273754
2337254236066988443
2337254209500346745
2337254163211891982
2337254288445568588
2337255026953390781
2336690191382688047
2336825064630039446
2336972910483507400
2337267836776408534
2337262972677956755
2337232018076365701
2337318756417349602
2337258159024841362
2337104710011319309
2337105615276238142
2337105761212906189
2337105889474863836
2337105951550562228
2337269251902830775
2337275128433161266
2337322404346164063
2337333446916892084
2337201766776223376
2337263488534932566
2337254443038545930
2336953071098651918
2337092937077557420
2337043503355725890
2337145088415004130
2337145467806426506
2337177544484692894
2337182256961364462
2337187043685436677
2337220553246780058
2337220862266441258
2337228764654056907
2337258095581279779
2337270278969059492
2336857521228925282
2337162801549041396
2337322407951409770
2337279786835345943
2336871078946804272
2337098236445164520
2337295525591837923
2337301508784406918
2337302219626707247
2336912656380174935
2336980402341967850
2337032787661767542
2337113782339663393
2336971166484585615
2337226123100167940
2337243376847829264
2337149795809715587
2337152814492176189
2337153499514464776
2337154800528895078
2337155351551394162
2337157029801253778
2337158323333168645
2337158742847320641
2337159109731552126
2337160609614686644
2336768893017914478
2336768991986502245
2336778621865283537
2336809476549722930
2336846596618274823
2336852239550795882
2336875528314866556
2337160667527668240
2336680176200713412
2336848071127721526
2337264644434330726
2336840140060052157
2337067708616976939
2337258628760815659
2337067702634791779
2337069323775335186
2337250678457928967
2337254501188569309
2337257022292321200
2337259879317915197
2337261089349438875
2336770994500080669
2336946689196592532
2336947001823171789
2337051609476635042
2337064779868194639
2337187709038026638
2337187939439374242
2337217542350571955
2337258935868665688
2337266352026343909
2336952833481565125
2337198563173539784
2337274900481060850
2336849310878199002
2336814950025502841
2336815995573124925
2336816364503994345
2336936697173246114
2336958066606811532
2337022013200452815
2337158602161647293
2337310011469290489
2336777820469981684
2336827343883965104
2336968442099678065
2336968774137454120
2336969505682966088
2337091971055036377
2336928154297652659
2337194004778859584
2337194409864737404
2337194728179035450
2337252383828342890
2336655732869392824
2337048808485939226
2337054957117567312
2337056836207670069
2337226951817519389
2337300419598676104
2337245850302876374
2337011584398747296
2337153501928856394
2337212054320314660
2337281774132155109
2337076584116568789
2337085518260971654
2337090469292844661
2337241948838285854
2337242923317713381
2337252737880030070
2337307283654309691
2336929877837495382
2337184231675277144
2337260313934001678
2337260420829899109
2337260512165210036
2337260554460364375
2337260598936821328
2337260648790407401
2337260688804048773
2336812779884663628
2336824421812867049
2336824420881836507
2336824421863240107
2336824422760864914
2336824421896811801
2336881128257158807
2336940482918556229
2337087893435425630
2336793505629737031
2336793423765540093
2336806151439566908
2337258083618770784
2337256763209818380
2336960188883183322
2337014303961190791
2337151902206109447
2337182310189027734
2337120693035896245
2337121217910942631
2337121864035188812
2337123192958470080
2337124777977493014
2337125508944149314
2337213995546558066
2337216235942307062
2337217543441008752
2337218748246441820
2337218852852497066
2336875341333509203
2336885482489435671
2336898425650159384
2337050700377160113
2337129685505119398
2337144984649409078
2337185593338823838
2337312323913830308
2337259302047547067
2337273620620969220
2337278918798856526
2337279586389320460
2337258930342034912
2337256727903194356
2336954305911130458
2336843314365644609
2337060795478877176
2337061800752767842
2337062557757610883
2337192814284170643
2337225501376164354
2337261088729758076
2337355362859755490
2337258144126722744
2336735784415050204
2336736324020752002
2336736926633045996
2336738007647968911
2336833496296807810
2337124593577639705
2337230907657983721
2337246238787211128
2337254976260442220
2337293803018233158
2337241006814496875
2337264218923191215
2336955443606520276
2336969390833314019
2336920572465531402
2336749441304017186
2336984450716707400
2337335553094579298
2337335667053739433
2337256692041019588
2337084354215723313
2337040064370439273
2336820484315920959
2336821182155790678
2336825421632569245
2336826385718332442
2336828853110146212
2336833019748529596
2336847156926820152
2336893581261924840
2336893658957227516
2336952344618675390
2336968037221128258
2337038684517459953
2337159266361776607
2337162658949694847
2337164640900890417
2337165889671178426
2337251448701012070
2337257923724765316
2337209417294749539
2336890499431302330
2336898691502462789
2336900114730641200
2336901796705087865
2336913998807976949
2336928155674460313
2336936446362301871
2336943777946875921
2336992285433511791
2337106353188080370
2337108123805151843
2337118599129825577
2337126607507341632
2337135884770851777
2337136191567354710
2337142265674576770
2337163126423122042
2337163371244675738
2337179475870280753
2337219128593916850
2336804895707821746
2336882832855322083
2337010697321257088
2337113666989450173
2337121994595464082
2337156959218622791
2336864809379101871
2337014070362192340
2337001545583284347
2337008814228096378
2337058859044540313
2337058995426499407
2337060734409933390
2337059271168379598
2337060868602526249
2337060824520522714
2337060905210386513
2337060948680231074
2337060990271034076
2337060785496733827
2336852161556001015
2336932700000219960
2337194651834027313
2337270151992069076
2337190393519005676
2336789770000572719
2336866519564545545
2336870531206722825
2336733317545995730
2336782843266820223
2336962386011293237
2337218163569565064
2336962297014236324
2336967516364182346
2336967889590016295
2336968251483047499
2336968473722233421
2337244538634052143
2337252382469009315
2337252686698737646
2337253076215419125
2337253487013825790
2337254112359379622
2337215334603055032
2337310952109590584
2337311574351198095
2337311615270926023
2337208397131524662
2337247197858348201
2337259005092860124
2337260765769447137
2337260868034908159
2337260923995427702
2336833888833301035
2337296906877055678
2337217960262089553
2337065561307298527
2337225515922346019
2337248487370225582
2337252973934986635
2337116422462204694
2337153148660236236
2336816979617467716
2336821158645043007
2337304288828023853
2337245540033478468
2337248198374734530
2337071553307242971
2337071764440170520
2337072119420814580
2337072418474733941
2337072731604666028
2337073001290229559
2336973618332176402
2337250471303284488
2337253471178521681
2337253577764358416
2337255139395878132
2337278896604901335
2337278990582313075
2336778325370154517
2336979946234562300
2337053232462252270
2337026601516168352
2337194765023253769
2336870971640415645
2336939331698978852
2337078713346118862
2337304018085613061
2337325160683827325
2337325823316757627
2337059758932987214
2336747582801711223
2336747708614075457
2336752944833555798
2336910642451548978
2336912474917585018
2337185552721760319
2337185886688858306
2337186062077816894
2337186360200752110
2337186516522471047
2337187191117459610
2337187627350152184
2337205795053559283
2337061234665312334
2337211908409264924
2337212507834244162
2337265536653785333
2337134322611130460
2337239715253562431
2337241028162904656
2337252922227108967
2337022015507297511
2337028775643243990
2337106309937386804
2337127366442463395
2336891129985648345
2337246377182823712
2337290073021640215
2337090028788543501
2337242218178131721
2337241793555285316
2337242453017165814
2337043059210266345
2337223992886659281
2336660042792996391
2336661026063746252
2337256183154622659
2336745389606913051
2336745684164639615
2336746129448622615
2337131274802503753
2337254169897727043
2337084357419664651
2337231240595061146
2336856313941673261
2336983396109836093
2337039217221006237
2337190914643910066
2337206118685565701
2336870436313127132
2336858280381159563
2337148644816262821
2337148674687918061
2336776766439311563
2336779404069452280
2337255936615539590
2337256145290712059
2337256296713315285
2337256431316899079
2337139663007186840
2337242379951836028
2337129709546074183
2337153967873635601
2337257694136020948
2337062391850091293
2337251972712695546
2337234586876147685
2337314606061937143
2337248402310394785
2337253022690093856
2337253275598152137
2337253363644909246
2337253437607305693
2337253508356963884
2337248793037135260
2337248332081857809
2337248961504360203
2337249877699829038
2336958203097393310
2337257284847985491
2337224503442298035
2337256146321421709
2336781631841317545
2336781934141389851
2337285792091068942
2337239450282071972
2337250684188785885
2336820464160409911
2337191635334964552
2337250073817460586
2337113452877171798
2337113853474934859
2337222761480799959
2336855158476890729
2337018464141018847
2337023963410315629
2337024003918968795
2337024046650379382
2336861716597859201
2336938863429505909
2337096843315901835
2337210478562119998
2337241409694094488
2337249911565152146
2337250924825059238
2337102174536716980
2336697573987313524
2337258868205631703
2337359775123540368
2337360387013812295
2337361411606694064
2337158714316243436
2337201993569015876
2337213176406162157
2337220473538777922
2337223727286935974
2337225814632577090
2337109526792377379
2337249131422092083
2337281514611647273
2337259702914488058
2336910387485606236
2336957672198279348
2336958612989211433
2336958969546868499
2336959271847275443
2336959553192702496
2337072138730718467
2337251674529281378
2337232570691745594
2337233330439538782
2337237090960307001
2337238382772289433
2337238436660792160
2337238503383646017
2337238967080854839
2337253875541384884
2337279241383525899
2337279878674281296
2337281583314901088
2337149938749710117
2337200123311951127
2337232904928470181
2337233251528963524
2337233505368396190
2337233781361836376
2337284188539178721
2336940970363271271
2337246468888151310
2337247875775215536
2337014254819332480
2337018098529617072
2337207238512639922
2336801944772678959
2336863980013533674
2336869426996802901
2336869767448389882
2336910606128672610
2337074334912622473
2337228190749504560
2337228448564828231
2337229769275793200
2336974020160795432
2337251224650554293
2337017376674743873
2337222742138366168
2337011132891322509
2337131500700403310
2337245785812150361
2337249867616745623
2337249903930847386
2336847212308821076
2336847594594494795
2336847725003750697
2336848224637495774
2336848419110524583
2336848568805237970
2336848722451003015
2336848871063783515
2336849008485845381
2336849142359655802
2336849239541704519
2336849335541014075
2336921697284197477
2336881115287339740
2337238655493820888
2337193328380952586
2337190415670924931
2336886359453060178
2336904706647315878
2337219254254580401
2337254913356400025
2337256266731998239
2337256219923507363
2337309280293431936
2336996480937025009
2337082393226508059
2337122704640301251
2337122962766052195
2337155819366673820
2337156461690805231
2337157184956500760
2337252276295711058
2337252941235655416
2337258505835611189
2337287857692303610
2337249172997953890
2337249273921219569
2337261905697020761
2336926705341843819
2336840324752048105
2336888999070999220
2337109641028439929
2337157905461174822
2336773531885748369
2337025398673544139
2337025544973409172
2337333880742563207
2336761557583505069
2337245449746768341
2337342253335642863
2337089908052342540
2336705271013740429
2337236477425794223
2337154412990214985
2337193309315096006
2336834693402386478
2337025083665291274
2337064497691082080
2337239074622800854
2337019415012419127
2337222072524278321
2337246542019581278
2337247822859468524
2337140642353519561
2337141695501353512
2337148482925427886
2337151270460037469
2337153064380472727
2337154397473004665
2337155866007862226
2337164416214102499
2337192261468505836
2337193646402560651
2337195863662589305
2337196469949262954
2337275990891203510
2337277025550590885
2337278110549769240
2337278479396803017
2337280293559084201
2336780813750518440
2336784788616960378
2337104752607752464
2337142353662240849
2337250941390287668
2337246607586044803
2337114402670356579
2337252675837244327
2337254191346994166
2337259603091662233
2337157129483732087
2337251894622568581
2337217629019856831
2336759719028306967
2336765404818426419
2337240001950960736
2336980566068529399
2337205196995624756
2337290118288424870
2337270353688398488
2337251336141568755
2337252141054769460
2337260466303432662
2336897758990198327
2337257749265891512
2337260345724584705
2337287293045633282
2336911766901446177
2336914327054185616
2336920499970727238
2337119091222244301
2337180983227737082
2337253343813404620
2337238262229137658
2337245876669282823
2337252989512602032
2337339855075060177
2337138151532614192
2337243914790346867
2336937988489084954
2336973412449425238
2337101373265681239
2337104836930488245
2337259497025977702
2337080459961446185
2337101054363161466
2337110113782921531
2336751944439681548
2337254582962650092
2336673144632575766
2337233691593866771
2337142077501312298
2337247927145279132
2337247969885190568
2337248020384590741
2337248122104923452
2337248207408494872
2337250583633682212
2337252950019048129
2336860370772122338
2336960608548589624
2337069469300222660
2337179515975857787
2337202208636693626
2336973153166455120
2337008638387569794
2337166377696908054
2337151190649569519
2337123867719866625
2336762955806216024
2337135666766424753
2337135704800318116
2337206844994487935
2337106645539479016
2337243471159399389
2337126559497904591
2337247576014881235
2337228006894172198
2337246782327390352
2337247957353266592
2336910821481051168
2336911186444256199
2337119397533282431
2336923638015785314
2337027325505675495
2337096765135974959
2337097195614289505
2337103250620568890
2337103884136623041
2337104263838545214
2337109494026649348
2337109737983987199
2337110008743309890
2337138739666767499
2337222752774586410
2337252221719520996
2336932722626774089
2336934360879731658
2337187042226431266
2336861117820633228
2337235731570513866
2337235791196877838
2337235860511841708
2337235941831028653
2336953018914117248
2337140165956744639
2336973296476598873
2337372555117927540
2336919632941594312
2337246328563648736
2337079876442791992
2336729527705019769
2336952683311088239
2337138316520354783
2336885311673367211
2337199124414712024
2337271935141274300
2336902754414542537
2337271764877752432
2337260270741031885
2337187404798413019
2336977665809313163
2336881290433619179
2337145391210126562
2337239501417784271
2337244274393134392
2337244413753284834
2337244883397728882
2337245680466563297
2337248682002712616
2337249899022114390
2337250040218914190
2337250199870963389
2337250389000695276
2337279099338598647
2337279293878700978
2337227565217299744
2337227610582733846
2337227647979190526
2337227673874730862
2337227702664560164
2337227731521291868
2337227761225342890
2337227790250069932
2337227817730968684
2337227844725700029
2337253001198482389
2337254202019198392
2337272305080056342
2337326423161025421
2337350824556427474
2337362703159808171
2337231147792542870
2337217798621061608
2337070441916587135
2337070791981754443
2337109985890251695
2337024364618421110
2337066555197815249
2337075347012682642
2337083804012776764
2337119242626913627
2337119327058140132
2337132068900707239
2337154739550255090
2337191953705238952
2337243003812335160
2336765303954220392
2336774016781886974
2337016936673777909
2336853876983860019
2337153223906806691
2337279592272141374
2337070654374851980
2336680243886454364
2336701037620372149
2337253640173246390
2337306324976572680
2337309802423676350
2336983297710963887
2337148538834936785
2337301670818954608
2337018282014907083
2337027059099359232
2337083138369875251
2337205507449141316
2337021794954609306
2336953587812645120
2337028041825785421
2337022025473107905
2337250481150893513
2336902514191366832
2337085168991666407
2337087328538118428
2337091795337784765
2337094184052708077
2337136882243424483
2337048457206119538
2337144393236252494
2337183993874930154
2336958112359439988
2337238286355352837
2337244485653926300
2336818835285718489
2336829921049289441
2336914068904122263
2336959349091907150
2336961016520516927
2337109127687797706
2337316125934968674
2337316385394708454
2337316585957824510
2336908113990879945
2336951863425213214
2337223786436730718
2337263295496193804
2337259775125169484
2336925655163725751
2337099397270543045
2336969854875053234
2336969855160186646
2336686162812351605
2336999584384961650
2337001857890705761
2337057807607743570
2337027712018180057
2337267214778120268
2336824711782404889
2337267791975306508
2337067213093450330
2337069056112489244
2337258482624717603
2337066635973578033
2337147396852460668
2337147452435376055
2337149428346889765
2337149316895743614
2337149779569435092
2337149243394729820
2337149536291441902
2337149170598391872
2337149360457651631
2337149842039265102
2337198489202810238
2336660538383448490
2336678347985517479
2336680325809487561
2336680352242076374
2336680358894193099
2336681124161821779
2336681143690481444
2336681173201482394
2336681153958013241
2336689932510638677
2336690121807772765
2336690873343363651
2336698312444848139
2336742075284303120
2336841350819280047
2336842132419428918
2336842273733944163
2337250105289368466
2337250812457564835
2337089199138468399
2337089481851425911
2337090953473273050
2337091174806748197
2336951214027890181
2336957924620690676
2337248095052290035
2337154681626818229
2337112652964228270
2336947171156062753
2336670763677345688
2337115334526271071
2337244968862607436
2337138923803663340
2337140158891184015
2336727927981731930
2337245281414242190
2337222356623616430
2337222872959188111
2337323984305365249
2337235693411376285
2336860138467261882
2336924092459764779
2337249716705436677
2336977169079011181
2337220350404022383
2337221135628221011
2337225494617265986
2337235308063772875
2336974022727867719
2337015675488497589
2337036708555917116
2337010555218616043
2336810721595503879
2336979425605984611
2337229787283966747
2337251195021062823
2337162795484457412
2336839272384316451
2336839403984736322
2336840111949638364
2337050678163641111
2337234454151909498
2337258030242239460
2337055003238087412
2337176206687600665
2337212300836447799
2337217023471691537
2337217449571022678
2337310392428424481
2337312123920881487
2337315010038396932
2336906689747775637
2337111360642766990
2337195184940850624
2337165509341961949
2337166092928851569
2337166405865836026
2337277825939193424
2337197732560633728
2336751968439855180
2337026929503101237
2337081916192013896
2337118712544304041
2337139541164328636
2337259934155850301
2336907769259941612
2337079419439180197
2337184048667789624
2337193160297920216
2337157207471604953
2336970897367384275
2337070921518499768
2336990909583215140
2337086823333312036
2337157074562391770
2337261380577894010
2337220076348349398
2337233701091770645
2337249919776499986
2337250714999831022
2336716627864064666
2336716892608439476
2337015500671208032
2337222077273489693
2337093285363251618
2336846474908666816
2337241116789127499
2337249266598469540
2337231511621686985
2337164922238973268
2337241831295442656
2337216176021871558
2337253394506714573
2337246740109188510
2337291840545818641
2336895957101141763
2337179796105991315
2336792172478601002
2336936791459876707
2336941494088401850
2337127961217727579
2336938338010095150
2336802995846967708
2336803417198407478
2336804183598360551
2336882498921229560
2337150681846534562
2337186003565846248
2336958096378667576
2336989234847732153
2337077277541769377
2337278014776003081
2337050588969041690
2337050968998019980
2337051170157035746
2337051783095887259
2337053287257060755
2337056749730603335
2337062757441923555
2337063250633253254
2336972669997901182
2336976800556924533
2337127330369391337
2337141867214744673
2337188089677899408
2337194795891713063
2337242068877128703
2337238456071564316
2337179955563342384
2337180591579435858
2337206132860762808
2337040897450774955
2337187145028751140
2337203076196592278
2336928272536228513
2336928965040982236
2336988717086069056
2336988759540805008
2336988804948183807
2336988844424971368
2337240973861547446
2337346423378487921
2337346470656718537
2337346512599773357
2337350639115323851
2337350694430041262
2337350754316088928
2337142989730077374
2337154645791057701
2337160248927979275
2337161992986797180
2337136562881298162
2337136557428672311
2337136563485271374
2337136560381375768
2337137877761937826
2336849435828288512
2337244097168765330
2337246673679206775
2336953026714428151
2336953931106984614
2336954295373935490
2336954558499453523
2336956308597839841
2337243678937186763
2337242097727702297
2336922572578269237
2336983588636842069
2336983988907596970
2336984402516389447
2336984858034524844
2336985223408829563
2336985486215385851
2336985915879999856
2336988142669655676
2336987823256450376
2336987630964380774
2336894848629649945
2336984669842733857
2336986631157883628
2336989390976356383
2337075229580399287
2337075723778515938
2337076267301697988
2337076687847656846
2337077436262441006
2337230264050172846
2337235767078082434
2337288427193786181
2336793584247814502
2336866032712544863
2336866062953550026
2336866069169402816
2337112003996344967
2337224683402991727
2336796262873709252
2336796316678452012
2336796412149126058
2336796579946446406
2336796624892694372
2336796663052407263
2336882361507867998
2336882440637525610
2336882502469986532
2337003128597822374
2337003181907574206
2337137447534518918
2336845192558997205
2336845706335920063
2336847607605635548
2336934252698721768
2337088566352267639
2336975904661793363
2337199535933253570
2337235827158708757
2337061023564991098
2337169107843136985
2337029932651637256
2337222828548856306
2336850453845201733
2336913042742519316
2337043670404018814
2336792808320196664
2337108230349341708
2337205547260076070
2337236106096703957
2337188692416245015
2337193902354131939
2337181021438776753
2337204880628216790
2337204972676254584
2336881246375921262
2337249606278420133
2337235164793737054
2337235752180971321
2336880980088273603
2337234573716170618
2337257644569193054
2337234307898094813
2336957484941966344
2337018907235470116
2337130906644755148
2337307870806610652
2337309329023500284
2336781289913814837
2336786372344860537
2337227259688350924
2337239546884170826
2337191120221916863
2337239764494496395
2336950582054941542
2337086943525095174
2336982832043191018
2337237133624175884
2337258704216624682
2337060010279998276
2337060529903902155
2337069136229825846
2337085611363695412
2337085977895608074
2337086544931767298
2337091598355013812
2337197618842789981
2337197883939614995
2337278314835836191
2337338678495488209
2337238237273530778
2337162163117718421
2337241233776561386
2337179327837157540
2337179778666035745
2337180283651853762
2337180840537908370
2337181819891135907
2336935488592014077
2336842878107811471
2336878155526483390
2336879668462245208
2337099616237304636
2337099897473834810
2337106336392982294
2337130188946833236
2336932838363679362
2337145349822452545
2337060889786046180
2337078497331518236
2337078827867886526
2337079255686799849
2337079761620470717
2337116564540946954
2337117562416223664
2337118397149923490
2337138917111102588
2337226647528791003
2337127564622828235
2337127716280381102
2337163137941179562
2336899315010070860
2336864707765795744
2336865628474133383
2337171052224170077
2337200387941287091
2337298711058515220
2337235435536538535
2336955147003180458
2337234584839453373
2337234759347763355
2336897063634574197
2337073903829289056
2337111152126290158
2337279165869795493
2337161559272153869
2337038062194092322
2337040175385145586
2337044472281950690
2337020149041532136
2337242540847053149
2336873767857713359
2337214566071832160
2336971279125393305
2337144708856043876
2337144754028937203
2337144790259323028
2337144927681491899
2337144824132393673
2337144861042205595
2337144886879072062
2337144955347111694
2337237183092323989
2337237060526982160
2336778325832673425
2336874171702095862
2337102839720213456
2337236875305075982
2337206893522647816
2337232588751614105
2337241900737047168
2337235230768865255
2337323538610826473
2337165909260401423
2337239786153883627
2337095914638208480
2337245707536327031
2336810094574406046
2337196597984956983
2337246391017275463
2337249581154616610
2337251661672051321
2336885135393649458
2336885391908699530
2337235575910648397
2337236187255475983
2336773155120386682
2336784932508005752
2336785091094559831
2336798774801599836
2336799185113558340
2336812848897815158
2337238875417623886
2336931967315303931
2336942282048379280
2336854465016402428
2336976303147119436
2337260457219687255
2336788505608430218
2336815165015812012
2336950617370669067
2336951946344366620
2336952357637758883
2337181083923194363
2337181108032162051
2337181134246583599
2337181157264944359
2337209215707459404
2337209242861201521
2337297120006006153
2337227962191278074
2337228566716412535
2337279072588421259
2337279601657987082
2336876537950937661
2336876629009226214
2337072912378425527
2337085254654988177
2337085438566720047
2337117655703500758
2337117901288618579
2337118137838939258
2337118342873167463
2337283110930023542
2336861384444015401
2336864717481404991
2336865085237799626
2336865405061883943
2336862367923971326
2336863202238060370
2336864080861059997
2337232512366791538
2337194390336169130
2337197530552770945
2337230411884654251
2336858649487683471
2337198154027461821
2337198828622473016
2337016052198017149
2337017818501715843
2337018187206311925
2337019020656502262
2337019202831902828
2337021059012631022
2337021786632027370
2337177981397986208
2337178348114251587
2337178659591800269
2337140006185117103
2337084877017733100
2337233333133846206
2336840314406738733
2337034496018693782
2336818460430811552
2336896243680977462
2336992380987424835
2336992894588405785
2336993454595033528
2336994000190249235
2336994512801290350
2336994834000909223
2336995390752898934
2337022513781682198
2337023130713713739
2337023554388531812
2337127230814009872
2337179995678404432
2337227680417795486
2337373857230515909
2337081422430834380
2337238906112563870
2337226243323705703
2337135601178174238
2337119084417748083
2337120092527010014
2337120103532888759
2337156289035197613
2337159102213612506
2337159193347345706
2337159259181203276
2337163686881360173
2337230493361583774
2337231651358387687
2337352574702812246
2336873619312152711
2337229916041744927
2337207663059841625
2337237908983866553
2337237945667141684
2337237980664355405
2337238008044731536
2337238045617479180
2337238074314900032
2337238102441728384
2337238131692945732
2337238162135149113
2337238191637814838
2337244678145827841
2337244707262677133
2336919473407029210
2336910228381492679
2337035124274943931
2337007071161481231
2336861094098190461
2336956583007104967
2337223024096706822
2337236968840544721
2337051224003846477
2337055685686513517
2336804565280020888
2336841634035312520
2337024551986653534
2337025161049688933
2336873731097767296
2336874150679242710
2336838840143521190
2336839138198977413
2336839355933876727
2336900067418957735
2336905917072124973
2336956567227128673
2337032538437259788
2337115133829187053
2337127378562971699
2337196173889446465
2337254368432461198
2337261696200358478
2337277545921492784
2337229568754548281
2337230057936238679
2337179783480487237
2337355373655597612
2337000744892099810
2337001002824990299
2337002793113404283
2337004039475955552
2337008068675345979
2337015870474954352
2337016749391503362
2337017381783456609
2337017908311129776
2337117280692840189
2337222855752616344
2336964599536130391
2337182999220052909
2337209373162962726
2337209661512834166
2336778707732814612
2336787226775512275
2336808333796635044
2336808632967852923
2336808766497804119
2336808869987902381
2336808952347341143
2336809108014845320
2336955898714148217
2337231269476168458
2337238722596411356
2337219780672909049
2336810472437649952
2336810588468822865
2336810633968648815
2337210861705702582
2336733629501051378
2336803429807508671
2337040475679502027
2337229585430064907
2337181251420377113
2336913136702347084
2337222491687502216
2337095757857222306
2337229994215258437
2337254304754556040
2337254404084001156
2337138767934795859
2337226630441560392
2337227118256046412
2336842006927277931
2337227412965963284
2337119551471649377
2336818309259599147
2336994560255544695
2337069301276508481
2337113294676920273
2337117950245142803
2337122014030781897
2337236285360312426
2337269981200603271
2337227270399433233
2336900045064247211
2337234780435737044
2337229135740863254
2337229786336631727
2336660070157038048
2336887102457219257
2336887804021549903
2336888600561759635
2337217637376156855
2337225491671700136
2337241511816028188
2337297061345919947
2337297159693828595
2337297204212183610
2337214402317833111
2337214583293647113
2337214709785668728
2337241721212437063
2336891683610196685
2336754060769652628
2337168927482068397
2337244086037624287
2337213923908191014
2337156038150972126
2337258772644531431
2337312534543776535
2337312552747097561
2336816146936532236
2336816429699832823
2336925165413672180
2337376380601534035
2337178467937749109
2337245288829127222
2337045083837388546
2337180050540359471
2336774024573995446
2337020552022386403
2337169303039106854
2337169817386488717
2337170289245637532
2337132482444665844
2337148265443070574
2337149155390410921
2337151454682662268
2337218026986095328
2337235952938243882
2337226336101572674
2337226387146196041
2337226437587103195
2337226482793183773
2336764803154186315
2337092733520732320
2337109788408139413
2337138371524300714
2337140411591927658
2337232455063121276
2337219107772856920
2337220697271414802
2337223981201671080
2336727305019043302
2336728167074363902
2337010109732620700
2337221634840210837
2337221870442524754
2337222460413489703
2337230785680252911
2336972017196396908
2336972051589869548
2336869907513673400
2336936661673731828
2337064542470967709
2337104760611818352
2337106814663148355
2337144569774473260
2337145373218617711
2337221228716619690
2337223213855527321
2337224514752377011
2337237591996093389
2337237746346532033
2337237950206440265
2337238184768734107
2337009078110748159
2337224526460561656
2337163520562316889
2336964122744458730
2337152788066485128
2336983681380781294
2336983713450384180
2336983737332825681
2337233592894569491
2337225315518271246
2337183885526661427
2337228750410036008
2337146917694641499
2337147059755722535
2336769672270845972
2336975322989035756
2336975365779450790
2336975398444578306
2337185753997428921
2336956975121793202
2336957104717489516
2336957229800076679
2336957326092919320
2336957464504929463
2336957689411684878
2336957784035251034
2337223701810806621
2336713288401058053
2336801521558477453
2336974595277273440
2336945483074737625
2337177594398302124
2337258099047334569
2337230345999753291
2337155056297401041
2336911182988151412
2336911519547468095
2337209904681197937
2337210192301415879
2337231635529737054
2336930513803269245
2336931900372928573
2336932148633867292
2337002412822301527
2337023036072653434
2337032977520986951
2337033518854525251
2337034612259198044
2337035175470558626
2337063300141140850
2337064464244867085
2337077986831919407
2337184271292367617
2337184565791134615
2336778659320552412
2337178256503217871
2336794787653198074
2337089139731972213
2336836784642020618
2336837031661159820
2336845567396954991
2336846063465780468
2337050287197902794
2337050776572346355
2337051453247843977
2337053532448107945
2337103841807705778
2337224891081581881
2336962050926051424
2337042281704377944
2337042742087979704
2337210713737408930
2336787278223231688
2336866192928859797
2337228734716501651
2336912447058099493
2336832458795212067
2336833341385634827
2337094018654355025
2337171237025227108
2337172741563999586
2337207071715853639
2337238793168319400
2337231464100153159
2337072142080214932
2337076198173398280
2337179956337355641
2336946240044907726
2337004521006173570
2337007499926645503
2337007617828696051
2337057943310989012
2337173471748388729
2337209243415165441
2336739726475008430
2337224042497772035
2337244915819731784
2336890158796109925
2336899395987438628
2336933434660209873
2336952513810852710
2337207812975219783
2337208100024828050
2337208749009657773
2337209499068541497
2337209704153153059
2337210820089808290
2337244918346714786
2336823689387352024
2337222860359441730
2337226295251233845
2337227204861427288
2337227700938539984
2337258820258353907
2336913236996960684
2336973261069254593
2337047653929287326
2336707686229733337
2337222828673722048
2336914930311295758
2337066388635290908
2337094365263760987
2337236508555487901
2336940888407623107
2336944739827284108
2337014939465297707
2337228327097241598
2336799341123052785
2337214875159048193
2337180426114616334
2337228753799587929
2337236172785224998
2337044817890100077
2337051670166481018
2336845994769385131
2337222211147372034
2337075998716330205
2337248294458616410
2337248342567201139
2337233308437865312
2337233811217326789
2337196803563489726
2337216633610850665
2337219956279676894
2337204283281299594
2336939699146102395
2337078977218507077
2337098600638969203
2337161822237780959
2337089958467414280
2337250283647909121
2336830257833180615
2337045668371601821
2337192634711634809
2337220614676419336
2337214640471659524
2337312430283392110
2337352117416993322
2337367329687848078
2337118626728353836
2337119230959565544
2337120787432416521
2337121091242467274
2337136962933508705
2337137075122811565
2337201049432405803
2337217364603798494
2337231643733186219
2336865066329893762
2337101858696631050
2337194476763963743
2336900363996932542
2337229578566991751
2336970167583585996
2336971239496845974
2336972117800728752
2337214825389995963
2336942115636296620
2337103671191829049
2336809751974107648
2336930685275439710
2337033501500814276
2337175498052184383
2337175687425145134
2336920312443894407
2336795475755041908
2336798816920869102
2337312610621105727
2336882540270670867
2336882613209573907
2336882661746033017
2336882707682115380
2336882769036457674
2336882821188335065
2337189720937146166
2337189793397944502
2337189923756738508
2337190025728817287
2337098023299804917
2337240185324741652
2336991174572406190
2337223085113768213
2337231279341160213
2337233389226856864
2337233414812248866
2337233446940477214
2337233472173413447
2337233505962846475
2337233539567643315
2337233575890150361
2337233605342637062
2337214315722821713
2337162421494677890
2336963083439476544
2337155814585791462
2337212479808838823
2336839393338026268
2336839546187012996
2336839689338448604
2336839821903684295
2336840074149037150
2336908011421590848
2337198586401845896
2337198673534198217
2337198751607107418
2337198825158307257
2337198902996119241
2337198987016542407
2337199080633310631
2337199179534970971
2337199264545332902
2337208044389593580
2337208154087362581
2337208234878084032
2337208431901148821
2337022392825565446
2337023918688208554
2337032157903624196
2337032384454657149
2337039033768771244
2337052949018874327
2337129502163814099
2337226979945740102
2337227990756183761
2337228457280229136
2337202927858643676
2337136848571532674
2337139518959081980
2337228335778491817
2337093813075426454
2337216959795766379
2337182211765622495
2337185939671228455
2337207937420137348
2337217851748071900
2337154828603748935
2337155070321302704
2337166131590190071
2337166294723432508
2337176529462760318
2337223778920412540
2336976996793728913
2336695486366870134
2337084173810259430
2337083578378406688
2337129280770983306
2337264923144727601
2336761391776539957
2336807881121128003
2336808825101907975
2336941167554669311
2337032193841664387
2337203942639023957
2336807974538112947
2336809271274498021
2336891699571359230
2337268948695630590
2336868877247839367
2336926587230168814
2337218656255429152
2337225070229169273
2337225769847405167
2337226268936066013
2337226805572141945
2337227613420132565
2336862501353065105
2336867106514433339
2336876718022038853
2336887903274648266
2337223857495902516
2337214127491328695
2336824867297296555
2336987368784952731
2337099919930007741
2336993533875969283
2336993591211980891
2337115477870780533
2337115636734106426
2337115780984685102
2337116048220729542
2337116301355240637
2337219454943805861
2337214603326238587
2337235373628792997
2337106252885050288
2337213688883988708
2336953330397826823
2337261724434912615
2337230782743895527
2337186350610322002
2337214236021189753
2337220723326055708
2337205557907431339
2336969645420266451
2336805550339452229
2337108496830840826
2337113170979971561
2337116398035621586
2337190948750015669
2337218204746752124
2337266339804492978
2337145755562570563
2337145785895856640
2337145820473566994
2337088263582164035
