2340813859739027206
2340978776593123125
2341304963137044411
2341305556530586319
2341483169257542482
2341431241819502647
2341432600413121908
2341434967351308820
2341494016474329673
2341494122674059874
2341494176721823335
2341458909376895458
2340910055462881294
2341253664575816892
2341254624584751337
2341255939029322908
2341468613923280068
2340994200004867916
2340997412120237529
2340997810881179852
2341024029081132529
2341025917147248537
2341369196837396296
2341369206249551816
2341369625495377269
2341448852299340397
2341449034609115698
2341449150086693248
