2337837629755963241
2337818661468170745
2337818991400547373
2337820635752057483
2338303992554507563
2338346828988410759
2338341988152266631
2337867547994856900
2337939261617419873
2338333644271482355
2337807659171267592
2337808024008509338
2337809250741656256
2338302303264979181
2338314391693793281
2338314582920357323
2338314839435633872
2338315054284661696
2338336086622200428
2338350824961683283
2337917636205490200
2338262575263075989
2338300616123882113
2337857054919975983
2338296895466102291
2338219311184184098
2338282372561479893
2338281974974073319
2337738152430681182
2337746819120979693
2337856345845499802
2338280909251439291
2338271693241608926
2338200655413600701
2338201521654640208
2338254109905294305
2337910353450866911
2337961374961338441
2338216082770501306
2338204222736327097
2338204674236488636
2338208644791034592
2338209678125017868
2338214139270613337
2338216220928803557
2338216913962037596
2338194419817170780
2337698452479167120
2337869019012396361
2338057607662279938
2338051187632506895
2338046538306366912
2337852690476145987
2337912038871084243
2337950205871474941
2337974369709864279
2338021498293694334
2338041854542987150
2338061530350090659
2337896978796997014
2337950699492770894
2337950695080568346
2337950706287587597
2337950705801173068
2337950707889775996
2337953126753373614
2337946510364640518
2337872384304291848
2337941471831196401
2337942697616556469
2337943211116806184
2337943857442162907
2337954231289841175
2337771020380958583
2337842595029544039
2337934851279366547
2337933798477810268
2337920325273436348
2337792653041413308
2337794162084875940
2337870810482322481
2337892475740205275
2337921390466670635
2338260309691482297
2338298547131081678
2338338721651204915
2338342258556626668
2337887115228219937
2337801769109122837
2337886603613387741
2337707388746270942
2337714276900612471
2337868754903730052
2337884085990918685
2338290695175261101
2338294983993687362
2338297334448038843
2338301267170223946
2338302999174551952
2338312836126064544
2337776916775560613
2337861719025519253
2337688804525370604
2337854655635639029
2337855776890550002
2337756940379484041
2337774176032806044
2337854127117485714
2337850962987165333
2337848975170643161
2337843005635331691
2337833735461552314
2337667321440582370
2337669225990131536
2337814974321197666
2337833156545309667
2338191182435421659
2337697700440903541
2337698704540472350
2337831172186624515
2337833059841609616
2337795030886949253
2337664555482963824
2337702520007680627
2337791272377818398
2337655467263957889
2337655623954839861
2337749289708957035
2337751854349627156
2337842392469945732
2337842465425685898
2337842525991425711
2337842585642877847
2337842642542909150
2337842727913560857
2337842775972096002
2337843433722660453
2337843760903533910
2337728648157009299
2337673318869813663
2337669302261129004
2337654194763184257
2337653219412821042
2337637477141375992
2338352279797934279
