2335392953815375423
2335454003671771541
2335458974618281791
2335680841614527376
2335659386539621288
2335436029729136625
2335707339388271680
2335334012016328675
2335334049018501123
2335611372682845865
2335421233256321838
2335552034252309635
2335624113702248006
2335452087812405472
2335453971281584220
2335734316868794392
2335632464461306612
2335632619130402302
2335092649878216925
2335097248739655233
2335687301975072981
2335469499744151319
2335418970899123181
2335648643411269732
2335688509890882035
2335695519009167078
2335730038391142676
2335768799995057735
2335679256962730523
2335626803215793534
2335555080013783681
2335741348266994738
2335427784052110004
2335564218201401645
2335504755387070161
2335748361578559443
2335704660529953617
2335705120804560598
2335724936726584316
2335726400831837936
2335173344705814170
2335174352563466189
2335174646156396948
2335249676592677181
2335249993933611300
2335279408579085290
2335280046541120139
2335280272127797072
2335280515858696699
2335293387103850589
2335293845734390598
2335312137756821226
2335469429491892041
2335497325396823422
2335614222201119086
2335621087043678719
2335621643988452320
2335684126308652069
2335731491333751670
2335770694058455659
2335733854705715674
2335647342110456830
2335637913037910270
2335711035795072352
2335376566040475050
2335457546699853170
2335701209464109439
2335725392687831232
2335687691920041879
2335743700248272395
2335745026528951387
2335745501366111155
2335587282865452982
2335401935574041949
2335452853879364263
2335379628141975256
2335675069095138202
2335818878592472813
2335822747510133979
2335826282435518984
2335841249363662578
2335775185144227678
2335747609119356724
2335387757456968412
2335389372138263611
2335781408439966487
2335419399397647407
2335747991498164975
2335638321740721033
2335195368700337708
2335380282285749073
2335708414960125488
2335497828937729758
2335703727566357701
2335693677895945509
2335730797586944622
2335661897477824468
2335661948816151884
2335636233470855714
2335621648123163927
2335603291473698126
2335692078430267178
2335853885478369638
2335387073384941314
2335651777845767881
2335305753120111910
2335884683631820620
2335391040430780349
2335391528085635487
2335392067985020041
2335392596224094794
