5514397161
9160229389
8522828168
3422344896
2274820182
33185026572
24905885038
3429492996
1931076787
31692123318
23782541669
24620771462
2931147411
38080025460
38454189379
28221355137
7719720115
36434017761
3976266768
37277074187
1568398263
6261297673
5555569360
1452505136
15942214212
2003864584
1984818797
1704166225
12151155711
3488243807
10989723310
3294397481
7000509917
8418737367
4515680442
16741502932
5433341355
7888546182
4257692959
1976550062
8578833183
8251363670
33490578489
29522193821
2270985235
1810235792
3565546439
14757276603
36160308013
2174571176
2162677436
3201181239
2268305230
2205339533
17781043369
25835454817
8648242503
7324499189
627319079
1495712136
4611019216
33191791723
7144886115
21859099668
8390149565
1065815382
3920079201
4338097746
1661389540
34719061045
4070655869
752406425
38462115946
18257923610
3555737205
19521240681
1688376737
15739043138
34743767619
1449343114
2111503640
8033876652
18721495022
8607566325
6706081027
16428649689
8366312375
4100672287
16481786446
3602465667
12668818091
144499887
32235504919
7180170562
9925920503
4981346670
6562957261
8443167290
6233636222
37861565141
3032537592
38183896978
8160836463
8206466647
351374982
34742045818
677892363
7751073808
4176124321
9948543418
6231464224
31684722740
5333287649
5405960568
33494436115
13117279581
17060117751
610407749
4254629730
6043641069
27862569829
1825150925
38423807970
5509010948
48082355
34706962393
15173911755
8113258820
6123755590
5947540140
451403242
14189053738
8404727840
11369481548
30015088065
13815248453
14427824782
5970982715
8366089544
15273646915
30961758601
29629003921
5071920
38072594657
16567953877
3664350111
1508875527
34917831575
36885265712
28958230958
36418020729
12316898677
38462595568
1991099698
